0,1,0.131971,43ff00
0,34,0.0,0000ff
1,2,0.134309,44ff00
1,35,0.0,0000ff
2,3,0.149395,4cff00
2,36,0.0,0000ff
3,4,0.162262,53ff00
3,37,0.005822,03ff00
4,5,0.248368,7fff00
4,38,0.208715,6aff00
5,6,0.170826,57ff00
5,39,0.28888,93ff00
6,7,0.095203,31ff00
6,40,0.168118,56ff00
7,8,0.077803,28ff00
7,41,0.46858,efff00
8,9,0.155873,4fff00
8,42,0.225019,73ff00
9,10,0.170428,57ff00
9,43,0.0,0000ff
10,11,0.058611,1eff00
10,44,0.149052,4cff00
11,12,0.145958,4aff00
11,45,0.288971,93ff00
12,13,0.21712,6fff00
12,46,0.177683,5bff00
13,14,0.214862,6eff00
13,47,0.0,0000ff
14,15,0.225457,73ff00
14,48,0.0,0000ff
15,16,0.223034,72ff00
15,49,0.0,0000ff
16,17,0.231933,76ff00
16,50,0.0,0000ff
17,18,0.272863,8bff00
17,51,0.0,0000ff
18,19,0.261261,85ff00
18,52,0.0,0000ff
19,20,0.274092,8cff00
19,53,0.0,0000ff
20,21,0.280903,8fff00
20,54,0.0,0000ff
21,22,0.030974,10ff00
21,55,0.039178,14ff00
22,23,0.146507,4bff00
22,56,0.083746,2bff00
23,24,0.147815,4bff00
23,57,0.0,0000ff
24,25,0.165267,54ff00
24,58,0.011472,06ff00
25,26,0.089766,2eff00
25,59,0.0,0000ff
26,27,0.166259,55ff00
26,60,0.053432,1bff00
27,28,0.165025,54ff00
27,61,0.0,0000ff
28,29,0.155761,4fff00
28,62,0.089514,2eff00
29,30,0.148693,4cff00
29,63,0.124621,40ff00
30,31,0.14287,49ff00
30,64,0.0,0000ff
31,32,0.14591,4aff00
31,65,0.0,0000ff
32,33,0.133118,44ff00
32,66,0.0,0000ff
33,0,0.12853,42ff00
33,67,0.0,0000ff
34,35,0.0,0000ff
34,68,0.0,0000ff
35,36,0.018843,0aff00
35,69,0.0,0000ff
36,37,0.017424,09ff00
36,70,0.0,0000ff
37,38,0.013896,07ff00
37,71,0.0,0000ff
38,39,0.0,0000ff
38,72,0.213614,6dff00
39,40,0.0,0000ff
39,73,0.339092,adff00
40,41,0.0,0000ff
40,74,0.186112,5fff00
41,42,0.0,0000ff
41,75,0.465288,edff00
42,43,0.085091,2bff00
42,76,0.034949,12ff00
43,44,0.245121,7dff00
43,77,0.127926,41ff00
44,45,0.303929,9bff00
44,78,0.300994,9aff00
45,46,0.279528,8fff00
45,79,0.201492,67ff00
46,47,0.271931,8bff00
46,80,0.154212,4fff00
47,48,0.269281,89ff00
47,81,0.0,0000ff
48,49,0.255049,82ff00
48,82,0.0,0000ff
49,50,0.25749,83ff00
49,83,0.0,0000ff
50,51,0.284281,91ff00
50,84,0.0,0000ff
51,52,0.293046,95ff00
51,85,0.0,0000ff
52,53,0.284125,91ff00
52,86,0.0,0000ff
53,54,0.318203,a2ff00
53,87,0.0,0000ff
54,55,0.047607,18ff00
54,88,0.0,0000ff
55,56,0.248995,7fff00
55,89,0.155708,4fff00
56,57,0.143129,49ff00
56,90,0.103349,35ff00
57,58,0.156841,50ff00
57,91,0.0,0000ff
58,59,0.095745,31ff00
58,92,0.0,0000ff
59,60,0.0,0000ff
59,93,0.09632,31ff00
60,61,0.0,0000ff
60,94,0.064729,21ff00
61,62,0.0,0000ff
61,95,0.0,0000ff
62,63,0.0,0000ff
62,96,0.0848,2bff00
63,64,0.0,0000ff
63,97,0.124621,40ff00
64,65,0.0,0000ff
64,98,0.0,0000ff
65,66,0.0,0000ff
65,99,0.0,0000ff
66,67,0.0,0000ff
66,100,0.0,0000ff
67,34,0.0,0000ff
67,101,0.0,0000ff
68,69,0.0,0000ff
68,102,0.0,0000ff
69,70,0.064365,21ff00
69,103,0.0,0000ff
70,71,0.061076,1fff00
70,104,0.0,0000ff
71,72,0.070294,24ff00
71,105,0.0,0000ff
72,73,0.088864,2dff00
72,106,0.213614,6dff00
73,74,0.044002,16ff00
73,107,0.410709,d1ff00
74,75,0.024333,0cff00
74,108,0.19192,62ff00
75,76,0.02303,0cff00
75,109,0.010474,05ff00
76,77,0.007082,04ff00
76,110,0.054451,1cff00
77,78,0.013965,07ff00
77,111,0.127926,41ff00
78,79,0.118861,3dff00
78,112,0.19493,63ff00
79,80,0.290953,94ff00
79,113,0.041658,15ff00
80,81,0.374073,bfff00
80,114,0.075264,26ff00
81,82,0.3892,c6ff00
81,115,0.0,0000ff
82,83,0.385438,c5ff00
82,116,0.0,0000ff
83,84,0.374809,bfff00
83,117,0.0,0000ff
84,85,0.36234,b9ff00
84,118,0.0,0000ff
85,86,0.353,b4ff00
85,119,0.0,0000ff
86,87,0.338894,adff00
86,120,0.0,0000ff
87,88,0.330207,a8ff00
87,121,0.0,0000ff
88,89,0.320086,a3ff00
88,122,0.025338,0dff00
89,90,0.078202,28ff00
89,123,0.053561,1bff00
90,91,0.16893,56ff00
90,124,0.0,0000ff
91,92,0.16893,56ff00
91,125,0.0,0000ff
92,93,0.175813,5aff00
92,126,0.0,0000ff
93,94,0.169221,56ff00
93,127,0.120014,3dff00
94,95,0.170213,57ff00
94,128,0.024017,0cff00
95,96,0.163782,54ff00
95,129,0.0,0000ff
96,97,0.186194,5fff00
96,130,0.038009,13ff00
97,98,0.294233,96ff00
97,131,0.020798,0bff00
98,99,0.301771,9aff00
98,132,0.0,0000ff
99,100,0.316161,a1ff00
99,133,0.004589,02ff00
100,101,0.328793,a8ff00
100,134,0.0,0000ff
101,68,0.333418,aaff00
101,135,0.0,0000ff
102,103,0.0,0000ff
102,136,0.0,0000ff
103,104,0.0,0000ff
103,137,0.0,0000ff
104,105,0.0,0000ff
104,138,0.0,0000ff
105,106,0.0,0000ff
105,139,0.0,0000ff
106,107,0.0,0000ff
106,140,0.213701,6dff00
107,108,0.0,0000ff
107,141,0.421522,d7ff00
108,109,0.0,0000ff
108,142,0.199039,66ff00
109,110,0.200017,66ff00
109,143,0.010517,05ff00
110,111,0.070837,24ff00
110,144,0.310975,9fff00
111,112,0.18363,5eff00
111,145,0.034086,11ff00
112,113,0.360665,b8ff00
112,146,0.069309,23ff00
113,114,0.410585,d1ff00
113,147,0.024091,0cff00
114,115,0.496632,fdff00
114,148,0.0,0000ff
115,116,0.511545,fff900
115,149,0.0,0000ff
116,117,0.429351,dbff00
116,150,0.0,0000ff
117,118,0.44627,e4ff00
117,151,0.0,0000ff
118,119,0.474401,f2ff00
118,152,0.0,0000ff
119,120,0.497129,feff00
119,153,0.0,0000ff
120,121,0.49874,feff00
120,154,0.0,0000ff
121,122,0.469219,efff00
121,155,0.0,0000ff
122,123,0.190297,61ff00
122,156,0.012706,06ff00
123,124,0.246725,7eff00
123,157,0.080318,29ff00
124,125,0.313782,a0ff00
124,158,0.066601,22ff00
125,126,0.314182,a0ff00
125,159,0.0,0000ff
126,127,0.311592,9fff00
126,160,0.0,0000ff
127,128,0.0,0000ff
127,161,0.342252,afff00
128,129,0.0,0000ff
128,162,0.02287,0cff00
129,130,0.0,0000ff
129,163,0.0,0000ff
130,131,0.0,0000ff
130,164,0.032122,10ff00
131,132,0.0,0000ff
131,165,0.025387,0dff00
132,133,0.0,0000ff
132,166,0.0,0000ff
133,134,0.0,0000ff
133,167,0.004589,02ff00
134,135,0.0,0000ff
134,168,0.0,0000ff
135,102,0.0,0000ff
135,169,0.0,0000ff
136,137,0.439638,e0ff00
136,170,0.0,0000ff
137,138,0.439201,e0ff00
137,171,0.0,0000ff
138,139,0.446373,e4ff00
138,172,0.0,0000ff
139,140,0.45555,e8ff00
139,173,0.0,0000ff
140,141,0.257997,84ff00
140,174,0.012854,07ff00
141,142,0.048226,19ff00
141,175,0.115607,3bff00
142,143,0.05325,1bff00
142,176,0.037622,13ff00
143,144,0.135675,45ff00
143,177,0.0,0000ff
144,145,0.211823,6cff00
144,178,0.339209,adff00
145,146,0.201842,67ff00
145,179,0.023774,0cff00
146,147,0.195194,64ff00
146,180,0.069309,23ff00
147,148,0.225975,73ff00
147,181,0.0,0000ff
148,149,0.239999,7aff00
148,182,0.0,0000ff
149,150,0.241767,7bff00
149,183,0.0,0000ff
150,151,0.333695,aaff00
150,184,0.0,0000ff
151,152,0.341626,aeff00
151,185,0.0,0000ff
152,153,0.360972,b8ff00
152,186,0.0,0000ff
153,154,0.352343,b4ff00
153,187,0.0,0000ff
154,155,0.375453,bfff00
154,188,0.0,0000ff
155,156,0.382388,c3ff00
155,189,0.0,0000ff
156,157,0.380507,c2ff00
156,190,0.054998,1cff00
157,158,0.304004,9bff00
157,191,0.179904,5cff00
158,159,0.014107,07ff00
158,192,0.0,0000ff
159,160,0.179963,5cff00
159,193,0.0,0000ff
160,161,0.178602,5bff00
160,194,0.0,0000ff
161,162,0.0,0000ff
161,195,0.522387,fff400
162,163,0.0,0000ff
162,196,0.024123,0cff00
163,164,0.0,0000ff
163,197,0.0,0000ff
164,165,0.0,0000ff
164,198,0.030974,10ff00
165,166,0.0,0000ff
165,199,0.027682,0eff00
166,167,0.0,0000ff
166,200,0.0,0000ff
167,168,0.411157,d2ff00
167,201,0.0,0000ff
168,169,0.435049,deff00
168,202,0.0,0000ff
169,136,0.447362,e4ff00
169,203,0.0,0000ff
170,171,0.40278,cdff00
170,204,0.0,0000ff
171,172,0.391846,c8ff00
171,205,0.0,0000ff
172,173,0.381263,c2ff00
172,206,0.0,0000ff
173,174,0.358962,b7ff00
173,207,0.0,0000ff
174,175,0.319863,a3ff00
174,208,0.00491,03ff00
175,176,0.072083,25ff00
175,209,0.115693,3bff00
176,177,0.009486,05ff00
176,210,0.038062,13ff00
177,178,0.111086,39ff00
177,211,0.0,0000ff
178,179,0.259744,84ff00
178,212,0.21288,6dff00
179,180,0.293255,96ff00
179,213,0.0,0000ff
180,181,0.357921,b7ff00
180,214,0.0,0000ff
181,182,0.370181,bdff00
181,215,0.0,0000ff
182,183,0.354608,b5ff00
182,216,0.0,0000ff
183,184,0.2537,81ff00
183,217,0.0,0000ff
184,185,0.488817,f9ff00
184,218,0.0,0000ff
185,186,0.459275,eaff00
185,219,0.0,0000ff
186,187,0.446438,e4ff00
186,220,0.0,0000ff
187,188,0.416312,d4ff00
187,221,0.0,0000ff
188,189,0.391624,c8ff00
188,222,0.0,0000ff
189,190,0.38141,c3ff00
189,223,0.0,0000ff
190,191,0.316504,a1ff00
190,224,0.0,0000ff
191,192,0.044209,17ff00
191,225,0.0,0000ff
192,193,0.124254,3fff00
192,226,0.0,0000ff
193,194,0.124254,3fff00
193,227,0.0,0000ff
194,195,0.121959,3eff00
194,228,0.0,0000ff
195,196,0.107518,37ff00
195,229,0.525,fff200
196,197,0.116028,3bff00
196,230,0.018881,0aff00
197,198,0.119775,3dff00
197,231,0.0,0000ff
198,199,0.158764,51ff00
198,232,0.07836,28ff00
199,200,0.170842,57ff00
199,233,0.0,0000ff
200,201,0.32863,a8ff00
200,234,0.0,0000ff
201,202,0.413748,d3ff00
201,235,0.017208,09ff00
202,203,0.40857,d0ff00
202,236,0.0,0000ff
203,170,0.413286,d3ff00
203,237,0.0,0000ff
204,205,0.380076,c2ff00
204,238,0.0,0000ff
205,206,0.390038,c7ff00
205,239,0.0,0000ff
206,207,0.389106,c6ff00
206,240,0.0,0000ff
207,208,0.372274,beff00
207,241,0.0,0000ff
208,209,0.344646,b0ff00
208,242,0.00932,05ff00
209,210,0.242568,7cff00
209,243,0.107755,37ff00
210,211,0.053259,1bff00
210,244,0.05069,1aff00
211,212,0.044549,17ff00
211,245,0.0,0000ff
212,213,0.249516,7fff00
212,246,0.0,0000ff
213,214,0.232412,77ff00
213,247,0.0,0000ff
214,215,0.208088,6aff00
214,248,0.0,0000ff
215,216,0.186377,5fff00
215,249,0.0,0000ff
216,217,0.174075,59ff00
216,250,0.0,0000ff
217,218,0.153368,4eff00
217,251,0.0,0000ff
218,219,0.145337,4aff00
218,252,0.0,0000ff
219,220,0.134193,44ff00
219,253,0.0,0000ff
220,221,0.127638,41ff00
220,254,0.0,0000ff
221,222,0.134607,45ff00
221,255,0.0,0000ff
222,223,0.14846,4cff00
222,256,0.0,0000ff
223,224,0.161348,52ff00
223,257,0.0,0000ff
224,225,0.16911,56ff00
224,258,0.0,0000ff
225,226,0.0,0000ff
225,259,0.0,0000ff
226,227,0.388009,c6ff00
226,260,0.0,0000ff
227,228,0.404089,ceff00
227,261,0.0,0000ff
228,229,0.401782,cdff00
228,262,0.0,0000ff
229,230,0.721472,ff8e00
229,263,0.295067,96ff00
230,231,0.717972,ff9000
230,264,0.008117,04ff00
231,232,0.712271,ff9300
231,265,0.0,0000ff
232,233,0.743245,ff8300
232,266,0.108187,37ff00
233,234,0.318969,a3ff00
233,267,0.0,0000ff
234,235,0.510644,fffa00
234,268,0.005779,03ff00
235,236,0.495494,fdff00
235,269,0.0,0000ff
236,237,0.496911,fdff00
236,270,0.0,0000ff
237,204,0.290401,94ff00
237,271,0.0,0000ff
238,239,0.150758,4dff00
238,272,0.0,0000ff
239,240,0.159936,52ff00
239,273,0.0,0000ff
240,241,0.171408,57ff00
240,274,0.0,0000ff
241,242,0.171408,57ff00
241,275,0.0,0000ff
242,243,0.0,0000ff
242,276,0.0,0000ff
243,244,0.0,0000ff
243,277,0.0,0000ff
244,245,0.0,0000ff
244,278,0.057523,1dff00
245,246,0.0,0000ff
245,279,0.0,0000ff
246,247,0.0,0000ff
246,280,0.0,0000ff
247,248,0.0,0000ff
247,281,0.0,0000ff
248,249,0.0,0000ff
248,282,0.0,0000ff
249,250,0.0,0000ff
249,283,0.0,0000ff
250,251,0.0,0000ff
250,284,0.0,0000ff
251,252,0.0,0000ff
251,285,0.0,0000ff
252,253,0.0,0000ff
252,286,0.0,0000ff
253,254,0.0,0000ff
253,287,0.0,0000ff
254,255,0.0,0000ff
254,288,0.0,0000ff
255,256,0.0,0000ff
255,289,0.0,0000ff
256,257,0.0,0000ff
256,290,0.0,0000ff
257,258,0.0,0000ff
257,291,0.0,0000ff
258,259,0.0,0000ff
258,292,0.0,0000ff
259,260,0.0,0000ff
259,293,0.0,0000ff
260,261,0.0,0000ff
260,294,0.0,0000ff
261,262,0.0,0000ff
261,295,0.0,0000ff
262,263,0.0,0000ff
262,296,0.0,0000ff
263,264,0.0,0000ff
263,297,0.293047,95ff00
264,265,0.0,0000ff
264,298,0.008117,04ff00
265,266,0.0,0000ff
265,299,0.0,0000ff
266,267,0.072749,25ff00
266,300,0.195288,64ff00
267,268,0.077337,27ff00
267,301,0.009178,05ff00
268,269,0.086986,2cff00
268,302,0.005779,03ff00
269,270,0.111501,39ff00
269,303,0.0,0000ff
270,271,0.125157,40ff00
270,304,0.0,0000ff
271,238,0.140433,48ff00
271,305,0.0,0000ff
272,273,0.082685,2aff00
272,306,0.0,0000ff
273,274,0.084542,2bff00
273,307,0.0,0000ff
274,275,0.077303,27ff00
274,308,0.0,0000ff
275,276,0.070272,24ff00
275,309,0.0,0000ff
276,277,0.066701,22ff00
276,310,0.0,0000ff
277,278,0.05867,1eff00
277,311,0.0,0000ff
278,279,0.0,0000ff
278,312,0.0,0000ff
279,280,0.0,0000ff
279,313,0.0,0000ff
280,281,0.0,0000ff
280,314,0.0,0000ff
281,282,0.0,0000ff
281,315,0.0,0000ff
282,283,0.0,0000ff
282,316,0.0,0000ff
283,284,0.0,0000ff
283,317,0.0,0000ff
284,285,0.0,0000ff
284,318,0.0,0000ff
285,286,0.0,0000ff
285,319,0.0,0000ff
286,287,0.0,0000ff
286,320,0.0,0000ff
287,288,0.0,0000ff
287,321,0.0,0000ff
288,289,0.0,0000ff
288,322,0.0,0000ff
289,290,0.0,0000ff
289,323,0.0,0000ff
290,291,0.0,0000ff
290,324,0.0,0000ff
291,292,0.0,0000ff
291,325,0.0,0000ff
292,293,0.0,0000ff
292,326,0.0,0000ff
293,294,0.0,0000ff
293,327,0.0,0000ff
294,295,0.0,0000ff
294,328,0.0,0000ff
295,296,0.0,0000ff
295,329,0.0,0000ff
296,297,0.0,0000ff
296,330,0.0,0000ff
297,298,0.0,0000ff
297,331,0.295974,97ff00
298,299,0.0,0000ff
298,332,0.008117,04ff00
299,300,0.0,0000ff
299,333,0.0,0000ff
300,301,0.134531,45ff00
300,334,0.002338,01ff00
301,302,0.129942,42ff00
301,335,0.009178,05ff00
302,303,0.113583,3aff00
302,336,0.005779,03ff00
303,304,0.106998,37ff00
303,337,0.0,0000ff
304,305,0.098295,32ff00
304,338,0.0,0000ff
305,272,0.082728,2aff00
305,339,0.0,0000ff
306,307,0.027533,0eff00
306,340,0.0,0000ff
307,308,0.027533,0eff00
307,341,0.0,0000ff
308,309,0.030566,10ff00
308,342,0.0,0000ff
309,310,0.032122,10ff00
309,343,0.0,0000ff
310,311,0.0,0000ff
310,344,0.0,0000ff
311,312,0.0,0000ff
311,345,0.0,0000ff
312,313,0.0,0000ff
312,346,0.0,0000ff
313,314,0.0,0000ff
313,347,0.0,0000ff
314,315,0.0,0000ff
314,348,0.0,0000ff
315,316,0.0,0000ff
315,349,0.0,0000ff
316,317,0.0,0000ff
316,350,0.0,0000ff
317,318,0.0,0000ff
317,351,0.0,0000ff
318,319,0.0,0000ff
318,352,0.0,0000ff
319,320,0.0,0000ff
319,353,0.0,0000ff
320,321,0.0,0000ff
320,354,0.0,0000ff
321,322,0.0,0000ff
321,355,0.0,0000ff
322,323,0.0,0000ff
322,356,0.0,0000ff
323,324,0.0,0000ff
323,357,0.0,0000ff
324,325,0.0,0000ff
324,358,0.0,0000ff
325,326,0.0,0000ff
325,359,0.0,0000ff
326,327,0.0,0000ff
326,360,0.0,0000ff
327,328,0.0,0000ff
327,361,0.0,0000ff
328,329,0.0,0000ff
328,362,0.0,0000ff
329,330,0.0,0000ff
329,363,0.0,0000ff
330,331,0.0,0000ff
330,364,0.0,0000ff
331,332,0.294603,96ff00
331,365,0.0,0000ff
332,333,0.0,0000ff
332,366,0.0,0000ff
333,334,0.016061,08ff00
333,367,0.0,0000ff
334,335,0.016061,08ff00
334,368,0.002338,01ff00
335,336,0.001734,01ff00
335,369,0.009178,05ff00
336,337,0.001734,01ff00
336,370,0.005779,03ff00
337,338,0.001734,01ff00
337,371,0.0,0000ff
338,339,0.003512,02ff00
338,372,0.0,0000ff
339,306,0.025501,0dff00
339,373,0.0,0000ff
340,341,0.0,0000ff
340,374,0.0,0000ff
341,342,0.0,0000ff
341,375,0.0,0000ff
342,343,0.0,0000ff
342,376,0.0,0000ff
343,344,0.0,0000ff
343,377,0.0,0000ff
344,345,0.0,0000ff
344,378,0.0,0000ff
345,346,0.0,0000ff
345,379,0.0,0000ff
346,347,0.0,0000ff
346,380,0.0,0000ff
347,348,0.0,0000ff
347,381,0.0,0000ff
348,349,0.0,0000ff
348,382,0.0,0000ff
349,350,0.0,0000ff
349,383,0.0,0000ff
350,351,0.0,0000ff
350,384,0.0,0000ff
351,352,0.0,0000ff
351,385,0.0,0000ff
352,353,0.0,0000ff
352,386,0.0,0000ff
353,354,0.0,0000ff
353,387,0.0,0000ff
354,355,0.0,0000ff
354,388,0.0,0000ff
355,356,0.0,0000ff
355,389,0.0,0000ff
356,357,0.0,0000ff
356,390,0.0,0000ff
357,358,0.0,0000ff
357,391,0.0,0000ff
358,359,0.0,0000ff
358,392,0.0,0000ff
359,360,0.0,0000ff
359,393,0.0,0000ff
360,361,0.0,0000ff
360,394,0.0,0000ff
361,362,0.0,0000ff
361,395,0.0,0000ff
362,363,0.0,0000ff
362,396,0.0,0000ff
363,364,0.0,0000ff
363,397,0.0,0000ff
364,365,0.0,0000ff
364,398,0.0,0000ff
365,366,0.0,0000ff
365,399,0.0,0000ff
366,367,0.0,0000ff
366,400,0.0,0000ff
367,368,0.0,0000ff
367,401,0.0,0000ff
368,369,0.0,0000ff
368,402,0.002338,01ff00
369,370,0.0,0000ff
369,403,0.009178,05ff00
370,371,0.0,0000ff
370,404,0.005779,03ff00
371,372,0.0,0000ff
371,405,0.0,0000ff
372,373,0.0,0000ff
372,406,0.0,0000ff
373,340,0.0,0000ff
373,407,0.0,0000ff
374,375,0.0,0000ff
374,408,0.0,0000ff
375,376,0.0,0000ff
375,409,0.0,0000ff
376,377,0.0,0000ff
376,410,0.0,0000ff
377,378,0.0,0000ff
377,411,0.0,0000ff
378,379,0.0,0000ff
378,412,0.0,0000ff
379,380,0.0,0000ff
379,413,0.0,0000ff
380,381,0.0,0000ff
380,414,0.0,0000ff
381,382,0.0,0000ff
381,415,0.0,0000ff
382,383,0.0,0000ff
382,416,0.0,0000ff
383,384,0.0,0000ff
383,417,0.0,0000ff
384,385,0.0,0000ff
384,418,0.0,0000ff
385,386,0.0,0000ff
385,419,0.0,0000ff
386,387,0.0,0000ff
386,420,0.0,0000ff
387,388,0.0,0000ff
387,421,0.0,0000ff
388,389,0.0,0000ff
388,422,0.0,0000ff
389,390,0.0,0000ff
389,423,0.0,0000ff
390,391,0.0,0000ff
390,424,0.0,0000ff
391,392,0.0,0000ff
391,425,0.0,0000ff
392,393,0.0,0000ff
392,426,0.0,0000ff
393,394,0.0,0000ff
393,427,0.0,0000ff
394,395,0.0,0000ff
394,428,0.0,0000ff
395,396,0.0,0000ff
395,429,0.0,0000ff
396,397,0.0,0000ff
396,430,0.0,0000ff
397,398,0.0,0000ff
397,431,0.0,0000ff
398,399,0.0,0000ff
398,432,0.0,0000ff
399,400,0.0,0000ff
399,433,0.0,0000ff
400,401,0.0,0000ff
400,434,0.014914,08ff00
401,402,0.0,0000ff
401,435,0.0,0000ff
402,403,0.0,0000ff
402,436,0.002338,01ff00
403,404,0.0,0000ff
403,437,0.009178,05ff00
404,405,0.0,0000ff
404,438,0.005779,03ff00
405,406,0.0,0000ff
405,439,0.0,0000ff
406,407,0.0,0000ff
406,440,0.0,0000ff
407,374,0.0,0000ff
407,441,0.0,0000ff
408,409,0.0,0000ff
408,442,0.0,0000ff
409,410,0.0,0000ff
409,443,0.0,0000ff
410,411,0.0,0000ff
410,444,0.0,0000ff
411,412,0.0,0000ff
411,445,0.0,0000ff
412,413,0.0,0000ff
412,446,0.0,0000ff
413,414,0.0,0000ff
413,447,0.0,0000ff
414,415,0.0,0000ff
414,448,0.0,0000ff
415,416,0.0,0000ff
415,449,0.0,0000ff
416,417,0.0,0000ff
416,450,0.0,0000ff
417,418,0.0,0000ff
417,451,0.0,0000ff
418,419,0.0,0000ff
418,452,0.0,0000ff
419,420,0.0,0000ff
419,453,0.0,0000ff
420,421,0.0,0000ff
420,454,0.0,0000ff
421,422,0.0,0000ff
421,455,0.0,0000ff
422,423,0.0,0000ff
422,456,0.0,0000ff
423,424,0.0,0000ff
423,457,0.0,0000ff
424,425,0.0,0000ff
424,458,0.0,0000ff
425,426,0.0,0000ff
425,459,0.0,0000ff
426,427,0.0,0000ff
426,460,0.0,0000ff
427,428,0.0,0000ff
427,461,0.0,0000ff
428,429,0.0,0000ff
428,462,0.0,0000ff
429,430,0.0,0000ff
429,463,0.0,0000ff
430,431,0.0,0000ff
430,464,0.0,0000ff
431,432,0.0,0000ff
431,465,0.0,0000ff
432,433,0.0,0000ff
432,466,0.0,0000ff
433,434,0.0,0000ff
433,467,0.0,0000ff
434,435,0.0,0000ff
434,468,0.014914,08ff00
435,436,0.0,0000ff
435,469,0.0,0000ff
436,437,0.0,0000ff
436,470,0.002338,01ff00
437,438,0.0,0000ff
437,471,0.002294,01ff00
438,439,0.0,0000ff
438,472,0.005779,03ff00
439,440,0.0,0000ff
439,473,0.0,0000ff
440,441,0.0,0000ff
440,474,0.0,0000ff
441,408,0.0,0000ff
441,475,0.0,0000ff
442,443,0.031234,10ff00
442,476,0.0,0000ff
443,444,0.025498,0dff00
443,477,0.0,0000ff
444,445,0.012706,06ff00
444,478,0.022987,0cff00
445,446,0.0,0000ff
445,479,0.012706,06ff00
446,447,0.0,0000ff
446,480,0.0,0000ff
447,448,0.0,0000ff
447,481,0.0,0000ff
448,449,0.0,0000ff
448,482,0.0,0000ff
449,450,0.0,0000ff
449,483,0.0,0000ff
450,451,0.0,0000ff
450,484,0.0,0000ff
451,452,0.0,0000ff
451,485,0.0,0000ff
452,453,0.0,0000ff
452,486,0.0,0000ff
453,454,0.0,0000ff
453,487,0.0,0000ff
454,455,0.0,0000ff
454,488,0.0,0000ff
455,456,0.0,0000ff
455,489,0.0,0000ff
456,457,0.0,0000ff
456,490,0.0,0000ff
457,458,0.0,0000ff
457,491,0.0,0000ff
458,459,0.0,0000ff
458,492,0.0,0000ff
459,460,0.0,0000ff
459,493,0.0,0000ff
460,461,0.0,0000ff
460,494,0.0,0000ff
461,462,0.0,0000ff
461,495,0.0,0000ff
462,463,0.0,0000ff
462,496,0.0,0000ff
463,464,0.0,0000ff
463,497,0.0,0000ff
464,465,0.0,0000ff
464,498,0.0,0000ff
465,466,0.0,0000ff
465,499,0.0,0000ff
466,467,0.0,0000ff
466,500,0.0,0000ff
467,468,0.0,0000ff
467,501,0.0,0000ff
468,469,0.00803,04ff00
468,502,0.006883,04ff00
469,470,0.00803,04ff00
469,503,0.0,0000ff
470,471,0.010368,05ff00
470,504,0.0,0000ff
471,472,0.012662,06ff00
471,505,0.0,0000ff
472,473,0.018442,09ff00
472,506,0.0,0000ff
473,474,0.019589,0aff00
473,507,0.0,0000ff
474,475,0.019589,0aff00
474,508,0.0,0000ff
475,442,0.0,0000ff
475,509,0.0,0000ff
476,477,0.0,0000ff
476,510,0.0,0000ff
477,478,0.0,0000ff
477,511,0.0,0000ff
478,479,0.0,0000ff
478,512,0.022987,0cff00
479,480,0.0,0000ff
479,513,0.012706,06ff00
480,481,0.0,0000ff
480,514,0.0,0000ff
481,482,0.0,0000ff
481,515,0.0,0000ff
482,483,0.0,0000ff
482,516,0.0,0000ff
483,484,0.0,0000ff
483,517,0.0,0000ff
484,485,0.0,0000ff
484,518,0.0,0000ff
485,486,0.0,0000ff
485,519,0.0,0000ff
486,487,0.0,0000ff
486,520,0.0,0000ff
487,488,0.0,0000ff
487,521,0.0,0000ff
488,489,0.0,0000ff
488,522,0.0,0000ff
489,490,0.0,0000ff
489,523,0.0,0000ff
490,491,0.0,0000ff
490,524,0.0,0000ff
491,492,0.0,0000ff
491,525,0.0,0000ff
492,493,0.0,0000ff
492,526,0.0,0000ff
493,494,0.0,0000ff
493,527,0.0,0000ff
494,495,0.0,0000ff
494,528,0.0,0000ff
495,496,0.0,0000ff
495,529,0.0,0000ff
496,497,0.0,0000ff
496,530,0.0,0000ff
497,498,0.0,0000ff
497,531,0.0,0000ff
498,499,0.0,0000ff
498,532,0.0,0000ff
499,500,0.0,0000ff
499,533,0.0,0000ff
500,501,0.0,0000ff
500,534,0.0,0000ff
501,502,0.0,0000ff
501,535,0.0,0000ff
502,503,0.0,0000ff
502,536,0.006883,04ff00
503,504,0.0,0000ff
503,537,0.0,0000ff
504,505,0.0,0000ff
504,538,0.0,0000ff
505,506,0.0,0000ff
505,539,0.0,0000ff
506,507,0.0,0000ff
506,540,0.0,0000ff
507,508,0.0,0000ff
507,541,0.0,0000ff
508,509,0.0,0000ff
508,542,0.0,0000ff
509,476,0.0,0000ff
509,543,0.0,0000ff
510,511,0.0,0000ff
510,544,0.0,0000ff
511,512,0.0,0000ff
511,545,0.0,0000ff
512,513,0.0,0000ff
512,546,0.022987,0cff00
513,514,0.0,0000ff
513,547,0.012706,06ff00
514,515,0.0,0000ff
514,548,0.0,0000ff
515,516,0.0,0000ff
515,549,0.0,0000ff
516,517,0.0,0000ff
516,550,0.0,0000ff
517,518,0.0,0000ff
517,551,0.0,0000ff
518,519,0.0,0000ff
518,552,0.0,0000ff
519,520,0.0,0000ff
519,553,0.0,0000ff
520,521,0.002294,01ff00
520,554,0.002294,01ff00
521,522,0.002294,01ff00
521,555,0.0,0000ff
522,523,0.002294,01ff00
522,556,0.0,0000ff
523,524,0.002294,01ff00
523,557,0.0,0000ff
524,525,0.002294,01ff00
524,558,0.0,0000ff
525,526,0.002294,01ff00
525,559,0.0,0000ff
526,527,9.9e-05,00ff00
526,560,0.0,0000ff
527,528,0.0,0000ff
527,561,0.0,0000ff
528,529,0.0,0000ff
528,562,0.0,0000ff
529,530,0.0,0000ff
529,563,0.0,0000ff
530,531,0.0,0000ff
530,564,0.0,0000ff
531,532,0.0,0000ff
531,565,0.0,0000ff
532,533,0.0,0000ff
532,566,0.0,0000ff
533,534,0.004589,02ff00
533,567,0.402393,cdff00
534,535,0.012619,06ff00
534,568,0.0,0000ff
535,536,0.0,0000ff
535,569,0.012619,06ff00
536,537,0.0,0000ff
536,570,0.006883,04ff00
537,538,0.0,0000ff
537,571,0.0,0000ff
538,539,0.0,0000ff
538,572,0.0,0000ff
539,540,0.0,0000ff
539,573,0.0,0000ff
540,541,0.0,0000ff
540,574,0.0,0000ff
541,542,0.0,0000ff
541,575,0.0,0000ff
542,543,0.0,0000ff
542,576,0.0,0000ff
543,510,0.0,0000ff
543,577,0.0,0000ff
544,545,0.0,0000ff
544,578,0.0,0000ff
545,546,0.0,0000ff
545,579,0.0,0000ff
546,547,0.0,0000ff
546,580,0.022987,0cff00
547,548,0.0,0000ff
547,581,0.012706,06ff00
548,549,0.0,0000ff
548,582,0.0,0000ff
549,550,0.0,0000ff
549,583,0.0,0000ff
550,551,0.0,0000ff
550,584,0.0,0000ff
551,552,0.0,0000ff
551,585,0.0,0000ff
552,553,0.0,0000ff
552,586,0.0,0000ff
553,554,0.0,0000ff
553,587,0.0,0000ff
554,555,0.0,0000ff
554,588,0.002294,01ff00
555,556,0.0,0000ff
555,589,0.0,0000ff
556,557,0.0,0000ff
556,590,0.0,0000ff
557,558,0.0,0000ff
557,591,0.0,0000ff
558,559,0.0,0000ff
558,592,0.0,0000ff
559,560,0.0,0000ff
559,593,0.0,0000ff
560,561,0.0,0000ff
560,594,0.0,0000ff
561,562,0.0,0000ff
561,595,0.0,0000ff
562,563,0.0,0000ff
562,596,0.0,0000ff
563,564,0.0,0000ff
563,597,0.0,0000ff
564,565,0.0,0000ff
564,598,0.0,0000ff
565,566,0.0,0000ff
565,599,0.0,0000ff
566,567,0.007094,04ff00
566,600,0.0,0000ff
567,568,0.004757,02ff00
567,601,0.350825,b3ff00
568,569,0.004757,02ff00
568,602,0.0,0000ff
569,570,0.0,0000ff
569,603,0.016259,08ff00
570,571,0.0,0000ff
570,604,0.006883,04ff00
571,572,0.0,0000ff
571,605,0.0,0000ff
572,573,0.0,0000ff
572,606,0.0,0000ff
573,574,0.0,0000ff
573,607,0.0,0000ff
574,575,0.0,0000ff
574,608,0.0,0000ff
575,576,0.0,0000ff
575,609,0.0,0000ff
576,577,0.0,0000ff
576,610,0.0,0000ff
577,544,0.0,0000ff
577,611,0.0,0000ff
578,579,0.069096,23ff00
578,612,0.0,0000ff
579,580,0.061065,1fff00
579,613,0.0,0000ff
580,581,0.0,0000ff
580,614,0.0,0000ff
581,582,0.500454,ffff00
581,615,0.012706,06ff00
582,583,0.481384,f6ff00
582,616,0.0,0000ff
583,584,0.485792,f8ff00
583,617,0.0,0000ff
584,585,0.495865,fdff00
584,618,0.0,0000ff
585,586,0.505315,fffc00
585,619,0.0,0000ff
586,587,0.0,0000ff
586,620,0.507932,fffb00
587,588,0.0,0000ff
587,621,0.0,0000ff
588,589,0.073593,26ff00
588,622,0.076223,27ff00
589,590,0.230868,76ff00
589,623,0.200769,66ff00
590,591,0.427296,daff00
590,624,0.20704,6aff00
591,592,0.581609,ffd500
591,625,0.157977,51ff00
592,593,0.552485,ffe400
592,626,0.0,0000ff
593,594,0.539741,ffeb00
593,627,0.0,0000ff
594,595,0.528886,fff000
594,628,0.0,0000ff
595,596,0.535682,ffed00
595,629,0.0,0000ff
596,597,0.54997,ffe600
596,630,0.0,0000ff
597,598,0.562354,ffdf00
597,631,0.0,0000ff
598,599,0.24707,7eff00
598,632,0.026485,0eff00
599,600,0.060336,1fff00
599,633,0.292987,95ff00
600,601,0.060336,1fff00
600,634,0.0,0000ff
601,602,0.060336,1fff00
601,635,0.344152,b0ff00
602,603,0.060336,1fff00
602,636,0.0,0000ff
603,604,0.07427,26ff00
603,637,0.0,0000ff
604,605,0.089926,2eff00
604,638,0.0,0000ff
605,606,0.071333,24ff00
605,639,0.0,0000ff
606,607,0.078296,28ff00
606,640,0.0,0000ff
607,608,0.083504,2bff00
607,641,0.0,0000ff
608,609,0.092001,2fff00
608,642,0.0,0000ff
609,610,0.087581,2dff00
609,643,0.0,0000ff
610,611,0.082949,2aff00
610,644,0.0,0000ff
611,578,0.080568,29ff00
611,645,0.0,0000ff
612,613,0.0,0000ff
612,646,0.0,0000ff
613,614,0.0,0000ff
613,647,0.0,0000ff
614,615,0.0,0000ff
614,648,0.0,0000ff
615,616,0.0,0000ff
615,649,0.0,0000ff
616,617,0.46431,edff00
616,650,0.0,0000ff
617,618,0.472676,f1ff00
617,651,0.0,0000ff
618,619,0.483372,f7ff00
618,652,0.0,0000ff
619,620,0.481792,f6ff00
619,653,0.0,0000ff
620,621,0.029983,0fff00
620,654,0.962224,ff1300
621,622,0.027749,0eff00
621,655,0.0,0000ff
622,623,0.029026,0fff00
622,656,0.076353,27ff00
623,624,0.111441,39ff00
623,657,0.306963,9dff00
624,625,0.329763,a8ff00
624,658,0.272222,8bff00
625,626,0.685847,ffa000
625,659,0.144492,4aff00
626,627,0.800465,ff6600
626,660,0.012619,06ff00
627,628,0.804716,ff6400
627,661,0.0,0000ff
628,629,0.806677,ff6300
628,662,0.0,0000ff
629,630,0.794164,ff6900
629,663,0.0,0000ff
630,631,0.779308,ff7100
630,664,0.0,0000ff
631,632,0.777388,ff7200
631,665,0.0,0000ff
632,633,0.188621,60ff00
632,666,0.09149,2fff00
633,634,0.022187,0bff00
633,667,0.11022,38ff00
634,635,0.030168,0fff00
634,668,0.0,0000ff
635,636,0.0,0000ff
635,669,0.304782,9bff00
636,637,0.0,0000ff
636,670,0.0,0000ff
637,638,0.0,0000ff
637,671,0.0,0000ff
638,639,0.0,0000ff
638,672,0.0,0000ff
639,640,0.0,0000ff
639,673,0.0,0000ff
640,641,0.0,0000ff
640,674,0.0,0000ff
641,642,0.0,0000ff
641,675,0.0,0000ff
642,643,0.0,0000ff
642,676,0.0,0000ff
643,644,0.0,0000ff
643,677,0.0,0000ff
644,645,0.0,0000ff
644,678,0.0,0000ff
645,612,0.0,0000ff
645,679,0.0,0000ff
646,647,0.017381,09ff00
646,680,0.0,0000ff
647,648,0.017381,09ff00
647,681,0.0,0000ff
648,649,0.0,0000ff
648,682,0.0,0000ff
649,650,0.0,0000ff
649,683,0.0,0000ff
650,651,0.0,0000ff
650,684,0.0,0000ff
651,652,0.0,0000ff
651,685,0.0,0000ff
652,653,0.0,0000ff
652,686,0.0,0000ff
653,654,0.0,0000ff
653,687,0.0,0000ff
654,655,0.166734,55ff00
654,688,0.817511,ff5d00
655,656,0.15641,50ff00
655,689,0.0,0000ff
656,657,0.153184,4eff00
656,690,0.0,0000ff
657,658,0.056128,1dff00
657,691,0.198668,65ff00
658,659,0.363764,baff00
658,692,0.28795,93ff00
659,660,0.081374,2aff00
659,693,0.05019,1aff00
660,661,0.096669,31ff00
660,694,0.0,0000ff
661,662,0.105923,36ff00
661,695,0.0,0000ff
662,663,0.126931,41ff00
662,696,0.0,0000ff
663,664,0.118795,3dff00
663,697,0.0,0000ff
664,665,0.107422,37ff00
664,698,0.0,0000ff
665,666,0.089067,2dff00
665,699,0.0,0000ff
666,667,0.087505,2dff00
666,700,0.068352,23ff00
667,668,0.063056,20ff00
667,701,0.08535,2cff00
668,669,0.079117,28ff00
668,702,0.0,0000ff
669,670,0.0,0000ff
669,703,0.220072,70ff00
670,671,0.0,0000ff
670,704,0.0,0000ff
671,672,0.0,0000ff
671,705,0.0,0000ff
672,673,0.0,0000ff
672,706,0.0,0000ff
673,674,0.0,0000ff
673,707,0.0,0000ff
674,675,0.0,0000ff
674,708,0.0,0000ff
675,676,0.0,0000ff
675,709,0.0,0000ff
676,677,0.007013,04ff00
676,710,0.007013,04ff00
677,678,0.016277,08ff00
677,711,0.009264,05ff00
678,679,0.012971,07ff00
678,712,0.0,0000ff
679,646,0.016003,08ff00
679,713,0.0,0000ff
680,681,0.0,0000ff
680,714,0.0,0000ff
681,682,0.0,0000ff
681,715,0.0,0000ff
682,683,0.0,0000ff
682,716,0.0,0000ff
683,684,0.0,0000ff
683,717,0.0,0000ff
684,685,0.0,0000ff
684,718,0.0,0000ff
685,686,0.0,0000ff
685,719,0.0,0000ff
686,687,0.0,0000ff
686,720,0.0,0000ff
687,688,0.0,0000ff
687,721,0.0,0000ff
688,689,0.086318,2cff00
688,722,0.713154,ff9200
689,690,0.086318,2cff00
689,723,0.0,0000ff
690,691,0.118545,3cff00
690,724,0.0,0000ff
691,692,0.1452,4aff00
691,725,0.198596,65ff00
692,693,0.316204,a1ff00
692,726,0.265217,87ff00
693,694,0.226441,73ff00
693,727,0.055109,1cff00
694,695,0.350151,b3ff00
694,728,0.035097,12ff00
695,696,0.333518,aaff00
695,729,0.0,0000ff
696,697,0.216587,6eff00
696,730,0.003442,02ff00
697,698,0.194847,63ff00
697,731,0.0,0000ff
698,699,0.172935,58ff00
698,732,0.0,0000ff
699,700,0.173729,59ff00
699,733,0.0,0000ff
700,701,0.146862,4bff00
700,734,0.0,0000ff
701,702,0.074909,26ff00
701,735,0.062462,20ff00
702,703,0.065731,22ff00
702,736,0.0,0000ff
703,704,0.0,0000ff
703,737,0.150899,4dff00
704,705,0.0,0000ff
704,738,0.0,0000ff
705,706,0.0,0000ff
705,739,0.0,0000ff
706,707,0.0,0000ff
706,740,0.0,0000ff
707,708,0.0,0000ff
707,741,0.0,0000ff
708,709,0.0,0000ff
708,742,0.0,0000ff
709,710,0.0,0000ff
709,743,0.0,0000ff
710,711,0.0,0000ff
710,744,0.005915,03ff00
711,712,0.0,0000ff
711,745,0.014957,08ff00
712,713,0.0,0000ff
712,746,0.0,0000ff
713,680,0.0,0000ff
713,747,0.0,0000ff
714,715,0.0,0000ff
714,748,0.0,0000ff
715,716,0.0,0000ff
715,749,0.0,0000ff
716,717,0.0,0000ff
716,750,0.0,0000ff
717,718,0.0,0000ff
717,751,0.0,0000ff
718,719,0.0,0000ff
718,752,0.0,0000ff
719,720,0.0,0000ff
719,753,0.0,0000ff
720,721,0.0,0000ff
720,754,0.0,0000ff
721,722,0.0,0000ff
721,755,0.0,0000ff
722,723,0.269395,89ff00
722,756,0.423413,d8ff00
723,724,0.363134,b9ff00
723,757,0.0,0000ff
724,725,0.53012,fff000
724,758,0.105629,36ff00
725,726,0.313378,a0ff00
725,759,0.128145,41ff00
726,727,0.286154,92ff00
726,760,0.26282,86ff00
727,728,0.138271,47ff00
727,761,0.009264,05ff00
728,729,0.116604,3bff00
728,762,0.039214,14ff00
729,730,0.109764,38ff00
729,763,0.0,0000ff
730,731,0.094851,30ff00
730,764,0.003442,02ff00
731,732,0.07879,28ff00
731,765,0.0,0000ff
732,733,0.079937,29ff00
732,766,0.0,0000ff
733,734,0.08212,2aff00
733,767,0.0,0000ff
734,735,0.087668,2dff00
734,768,0.0,0000ff
735,736,0.063363,20ff00
735,769,0.0,0000ff
736,737,0.062619,20ff00
736,770,0.0,0000ff
737,738,0.0,0000ff
737,771,0.093029,2fff00
738,739,0.0,0000ff
738,772,0.0,0000ff
739,740,0.0,0000ff
739,773,0.0,0000ff
740,741,0.0,0000ff
740,774,0.0,0000ff
741,742,0.0,0000ff
741,775,0.0,0000ff
742,743,0.0,0000ff
742,776,0.0,0000ff
743,744,0.0,0000ff
743,777,0.0,0000ff
744,745,0.0,0000ff
744,778,0.005915,03ff00
745,746,0.0,0000ff
745,779,0.019546,0aff00
746,747,0.0,0000ff
746,780,0.0,0000ff
747,714,0.0,0000ff
747,781,0.0,0000ff
748,749,0.009086,05ff00
748,782,0.0,0000ff
749,750,0.010233,05ff00
749,783,0.0,0000ff
750,751,0.005645,03ff00
750,784,0.0,0000ff
751,752,0.012528,06ff00
751,785,0.0,0000ff
752,753,0.012528,06ff00
752,786,0.0,0000ff
753,754,0.012528,06ff00
753,787,0.0,0000ff
754,755,0.012528,06ff00
754,788,0.0,0000ff
755,756,0.012528,06ff00
755,789,0.0,0000ff
756,757,0.181333,5cff00
756,790,0.286739,92ff00
757,758,0.23532,78ff00
757,791,0.0,0000ff
758,759,0.368985,bcff00
758,792,0.087249,2cff00
759,760,0.253754,81ff00
759,793,0.053765,1bff00
760,761,0.302794,9aff00
760,794,0.092669,2fff00
761,762,0.306945,9dff00
761,795,0.027533,0eff00
762,763,0.353514,b4ff00
762,796,0.000466,00ff00
763,764,0.358657,b7ff00
763,797,0.0,0000ff
764,765,0.373249,beff00
764,798,0.0,0000ff
765,766,0.061949,20ff00
765,799,0.0,0000ff
766,767,0.06539,21ff00
766,800,0.0,0000ff
767,768,0.068832,23ff00
767,801,0.0,0000ff
768,769,0.072274,25ff00
768,802,0.0,0000ff
769,770,0.07233,25ff00
769,803,0.0,0000ff
770,771,0.070035,24ff00
770,804,0.0,0000ff
771,772,0.0,0000ff
771,805,0.029877,0fff00
772,773,0.0,0000ff
772,806,0.0,0000ff
773,774,0.0,0000ff
773,807,0.0,0000ff
774,775,0.0,0000ff
774,808,0.0,0000ff
775,776,0.0,0000ff
775,809,0.0,0000ff
776,777,0.0,0000ff
776,810,0.0,0000ff
777,778,0.0,0000ff
777,811,0.0,0000ff
778,779,0.0,0000ff
778,812,0.005915,03ff00
779,780,0.00816,04ff00
779,813,0.0,0000ff
780,781,0.006792,03ff00
780,814,0.0,0000ff
781,748,0.006792,03ff00
781,815,0.0,0000ff
782,783,0.16934,56ff00
782,816,0.0,0000ff
783,784,0.178517,5bff00
783,817,0.0,0000ff
784,785,0.182015,5dff00
784,818,0.0,0000ff
785,786,0.194541,63ff00
785,819,0.0,0000ff
786,787,0.211514,6cff00
786,820,0.0,0000ff
787,788,0.204777,68ff00
787,821,0.0,0000ff
788,789,0.214526,6dff00
788,822,0.0,0000ff
789,790,0.222178,71ff00
789,823,0.004675,02ff00
790,791,0.544318,ffe800
790,824,0.099307,33ff00
791,792,0.571596,ffda00
791,825,0.17513,59ff00
792,793,0.427121,daff00
792,826,0.0,0000ff
793,794,0.052013,1bff00
793,827,0.154647,4fff00
794,795,0.092362,2fff00
794,828,0.034856,12ff00
795,796,0.098096,32ff00
795,829,0.031229,10ff00
796,797,0.095064,30ff00
796,830,0.000466,00ff00
797,798,0.090518,2eff00
797,831,0.0,0000ff
798,799,0.024091,0cff00
798,832,0.0,0000ff
799,800,0.029181,0fff00
799,833,0.012619,06ff00
800,801,0.029181,0fff00
800,834,0.0,0000ff
801,802,0.029181,0fff00
801,835,0.0,0000ff
802,803,0.029094,0fff00
802,836,0.0,0000ff
803,804,0.029051,0fff00
803,837,0.0,0000ff
804,805,0.026714,0eff00
804,838,0.0,0000ff
805,806,0.016259,08ff00
805,839,0.00808,04ff00
806,807,0.016259,08ff00
806,840,0.0,0000ff
807,808,0.016061,08ff00
807,841,0.000198,00ff00
808,809,0.016061,08ff00
808,842,0.0,0000ff
809,810,0.016061,08ff00
809,843,0.0,0000ff
810,811,0.016061,08ff00
810,844,0.0,0000ff
811,812,0.0,0000ff
811,845,0.0,0000ff
812,813,0.166412,55ff00
812,846,0.0,0000ff
813,814,0.170405,57ff00
813,847,0.0,0000ff
814,815,0.178369,5bff00
814,848,0.0,0000ff
815,782,0.1775,5bff00
815,849,0.0,0000ff
816,817,0.382599,c3ff00
816,850,0.0,0000ff
817,818,0.394863,c9ff00
817,851,0.0,0000ff
818,819,0.402603,cdff00
818,852,0.0,0000ff
819,820,0.4037,ceff00
819,853,0.0,0000ff
820,821,0.371846,beff00
820,854,0.033393,11ff00
821,822,0.040877,15ff00
821,855,0.323769,a5ff00
822,823,0.018881,0aff00
822,856,0.019701,0aff00
823,824,0.008507,04ff00
823,857,0.015,08ff00
824,825,0.058109,1eff00
824,858,0.067845,23ff00
825,826,0.05322,1bff00
825,859,0.136657,46ff00
826,827,0.118892,3dff00
826,860,0.026931,0eff00
827,828,0.0,0000ff
827,861,0.168142,56ff00
828,829,0.016061,08ff00
828,862,0.030069,0fff00
829,830,0.016061,08ff00
829,863,0.037858,13ff00
830,831,0.016061,08ff00
830,864,0.000466,00ff00
831,832,0.016061,08ff00
831,865,0.0,0000ff
832,833,0.016061,08ff00
832,866,0.0,0000ff
833,834,0.016061,08ff00
833,867,0.012619,06ff00
834,835,0.016061,08ff00
834,868,0.0,0000ff
835,836,0.016061,08ff00
835,869,0.0,0000ff
836,837,0.016061,08ff00
836,870,0.0,0000ff
837,838,0.013766,07ff00
837,871,0.0,0000ff
838,839,0.013816,07ff00
838,872,0.0,0000ff
839,840,0.0,0000ff
839,873,0.0,0000ff
840,841,0.0,0000ff
840,874,0.0,0000ff
841,842,0.0,0000ff
841,875,0.000198,00ff00
842,843,0.0,0000ff
842,876,0.0,0000ff
843,844,0.0,0000ff
843,877,0.0,0000ff
844,845,0.0,0000ff
844,878,0.0,0000ff
845,846,0.0,0000ff
845,879,0.0,0000ff
846,847,0.339148,adff00
846,880,0.004589,02ff00
847,848,0.348349,b2ff00
847,881,0.0,0000ff
848,849,0.356952,b6ff00
848,882,0.0,0000ff
849,816,0.361503,b8ff00
849,883,0.0,0000ff
850,851,0.122981,3fff00
850,884,0.0,0000ff
851,852,0.110499,38ff00
851,885,0.0,0000ff
852,853,0.100332,33ff00
852,886,0.0,0000ff
853,854,0.074783,26ff00
853,887,0.0,0000ff
854,855,0.072142,25ff00
854,888,0.02675,0eff00
855,856,0.072098,25ff00
855,889,0.323249,a5ff00
856,857,0.038427,14ff00
856,890,0.144173,4aff00
857,858,0.038779,14ff00
857,891,0.005293,03ff00
858,859,0.018267,09ff00
858,892,0.044187,17ff00
859,860,0.091384,2fff00
859,893,0.322516,a4ff00
860,861,0.0,0000ff
860,894,0.0,0000ff
861,862,0.0,0000ff
861,895,0.04698,18ff00
862,863,0.0,0000ff
862,896,0.030069,0fff00
863,864,0.0,0000ff
863,897,0.026895,0eff00
864,865,0.0,0000ff
864,898,0.000466,00ff00
865,866,0.0,0000ff
865,899,0.0,0000ff
866,867,0.0,0000ff
866,900,0.0,0000ff
867,868,0.0,0000ff
867,901,0.012619,06ff00
868,869,0.0,0000ff
868,902,0.0,0000ff
869,870,0.0,0000ff
869,903,0.0,0000ff
870,871,0.0,0000ff
870,904,0.0,0000ff
871,872,0.0,0000ff
871,905,0.0,0000ff
872,873,0.0,0000ff
872,906,0.0,0000ff
873,874,0.0,0000ff
873,907,0.0,0000ff
874,875,0.0,0000ff
874,908,0.0,0000ff
875,876,0.000198,00ff00
875,909,0.0,0000ff
876,877,0.000198,00ff00
876,910,0.0,0000ff
877,878,0.001763,01ff00
877,911,0.0,0000ff
878,879,0.004589,02ff00
878,912,0.0,0000ff
879,880,0.0,0000ff
879,913,0.0,0000ff
880,881,0.118829,3dff00
880,914,0.005121,03ff00
881,882,0.118723,3dff00
881,915,0.0,0000ff
882,883,0.118915,3dff00
882,916,0.0,0000ff
883,850,0.115461,3bff00
883,917,0.0,0000ff
884,885,0.477099,f3ff00
884,918,0.0,0000ff
885,886,0.474618,f2ff00
885,919,0.0,0000ff
886,887,0.482661,f6ff00
886,920,0.0,0000ff
887,888,0.494981,fcff00
887,921,0.0,0000ff
888,889,0.495214,fdff00
888,922,0.077072,27ff00
889,890,0.228151,74ff00
889,923,0.456822,e9ff00
890,891,0.079713,29ff00
890,924,0.126923,41ff00
891,892,0.014176,07ff00
891,925,0.029582,0fff00
892,893,0.0,0000ff
892,926,0.098192,32ff00
893,894,0.0,0000ff
893,927,0.599301,ffcc00
894,895,0.0,0000ff
894,928,0.021797,0bff00
895,896,0.0,0000ff
895,929,0.051773,1aff00
896,897,0.0,0000ff
896,930,0.02997,0fff00
897,898,0.0,0000ff
897,931,0.019502,0aff00
898,899,0.0,0000ff
898,932,0.000466,00ff00
899,900,0.0,0000ff
899,933,0.0,0000ff
900,901,0.0,0000ff
900,934,0.0,0000ff
901,902,0.0,0000ff
901,935,0.017208,09ff00
902,903,0.0,0000ff
902,936,0.0,0000ff
903,904,0.0,0000ff
903,937,0.0,0000ff
904,905,0.0,0000ff
904,938,0.0,0000ff
905,906,0.0,0000ff
905,939,0.0,0000ff
906,907,0.0,0000ff
906,940,0.0,0000ff
907,908,0.0,0000ff
907,941,0.0,0000ff
908,909,0.0,0000ff
908,942,0.0,0000ff
909,910,0.0,0000ff
909,943,0.0,0000ff
910,911,0.0,0000ff
910,944,0.0,0000ff
911,912,0.0,0000ff
911,945,0.0,0000ff
912,913,0.0,0000ff
912,946,0.0,0000ff
913,914,0.0,0000ff
913,947,0.0,0000ff
914,915,0.49218,fbff00
914,948,0.028536,0fff00
915,916,0.476122,f3ff00
915,949,0.0,0000ff
916,917,0.469253,efff00
916,950,0.0,0000ff
917,884,0.462986,ecff00
917,951,0.0,0000ff
918,919,0.467378,eeff00
918,952,0.0,0000ff
919,920,0.470595,f0ff00
919,953,0.0,0000ff
920,921,0.466955,eeff00
920,954,0.0,0000ff
921,922,0.430705,dcff00
921,955,0.0,0000ff
922,923,0.40266,cdff00
922,956,0.072334,25ff00
923,924,0.228795,75ff00
923,957,0.320491,a3ff00
924,925,0.348079,b2ff00
924,958,0.127323,41ff00
925,926,0.272264,8bff00
925,959,0.142547,49ff00
926,927,0.0,0000ff
926,960,0.355188,b5ff00
927,928,0.0,0000ff
927,961,0.606215,ffc900
928,929,0.0,0000ff
928,962,0.021797,0bff00
929,930,0.0,0000ff
929,963,0.059803,1eff00
930,931,0.0,0000ff
930,964,0.02987,0fff00
931,932,0.0,0000ff
931,965,0.021797,0bff00
932,933,0.0,0000ff
932,966,0.000466,00ff00
933,934,0.0,0000ff
933,967,0.0,0000ff
934,935,0.0,0000ff
934,968,0.0,0000ff
935,936,0.0,0000ff
935,969,0.019502,0aff00
936,937,0.0,0000ff
936,970,0.0,0000ff
937,938,0.0,0000ff
937,971,0.0,0000ff
938,939,0.0,0000ff
938,972,0.0,0000ff
939,940,0.0,0000ff
939,973,0.0,0000ff
940,941,0.0,0000ff
940,974,0.0,0000ff
941,942,0.0,0000ff
941,975,0.0,0000ff
942,943,0.0,0000ff
942,976,0.0,0000ff
943,944,0.0,0000ff
943,977,0.0,0000ff
944,945,0.0,0000ff
944,978,0.0,0000ff
945,946,0.0,0000ff
945,979,0.0,0000ff
946,947,0.0,0000ff
946,980,0.018355,09ff00
947,948,0.420116,d6ff00
947,981,0.088344,2dff00
948,949,0.421567,d7ff00
948,982,0.03429,11ff00
949,950,0.44355,e2ff00
949,983,0.0,0000ff
950,951,0.474372,f2ff00
950,984,0.0,0000ff
951,918,0.465283,edff00
951,985,0.0,0000ff
952,953,0.290396,94ff00
952,986,0.0,0000ff
953,954,0.25677,83ff00
953,987,0.0,0000ff
954,955,0.242468,7cff00
954,988,0.0,0000ff
955,956,0.221766,71ff00
955,989,0.0,0000ff
956,957,0.230743,76ff00
956,990,0.071088,24ff00
957,958,0.035835,12ff00
957,991,0.259883,85ff00
958,959,0.267658,89ff00
958,992,0.179243,5bff00
959,960,0.093284,30ff00
959,993,0.199951,66ff00
960,961,0.108283,37ff00
960,994,0.447575,e4ff00
961,962,0.0,0000ff
961,995,0.615671,ffc400
962,963,0.0,0000ff
962,996,0.021797,0bff00
963,964,0.0,0000ff
963,997,0.062098,20ff00
964,965,0.0,0000ff
964,998,0.02987,0fff00
965,966,0.0,0000ff
965,999,0.021797,0bff00
966,967,0.0,0000ff
966,1000,0.005736,03ff00
967,968,0.0,0000ff
967,1001,0.0,0000ff
968,969,0.0,0000ff
968,1002,0.0,0000ff
969,970,0.0,0000ff
969,1003,0.017208,09ff00
970,971,0.0,0000ff
970,1004,0.0,0000ff
971,972,0.0,0000ff
971,1005,0.0,0000ff
972,973,0.0,0000ff
972,1006,0.0,0000ff
973,974,0.0,0000ff
973,1007,0.0,0000ff
974,975,0.0,0000ff
974,1008,0.0,0000ff
975,976,0.0,0000ff
975,1009,0.0,0000ff
976,977,0.0,0000ff
976,1010,0.0,0000ff
977,978,0.0,0000ff
977,1011,0.0,0000ff
978,979,0.0,0000ff
978,1012,0.0,0000ff
979,980,0.0,0000ff
979,1013,0.0,0000ff
980,981,0.113573,3aff00
980,1014,0.114669,3aff00
981,982,0.196923,64ff00
981,1015,0.285781,92ff00
982,983,0.296874,97ff00
982,1016,0.032027,10ff00
983,984,0.297004,97ff00
983,1017,0.0,0000ff
984,985,0.307941,9dff00
984,1018,0.0,0000ff
985,952,0.298157,98ff00
985,1019,0.0,0000ff
986,987,0.433544,ddff00
986,1020,0.0,0000ff
987,988,0.422715,d8ff00
987,1021,0.0,0000ff
988,989,0.412835,d3ff00
988,1022,0.0,0000ff
989,990,0.390971,c7ff00
989,1023,0.0,0000ff
990,991,0.223427,72ff00
990,1024,0.067739,23ff00
991,992,0.295658,97ff00
991,1025,0.368114,bcff00
992,993,0.276572,8dff00
992,1026,0.078145,28ff00
993,994,0.266287,88ff00
993,1027,0.121025,3eff00
994,995,0.0,0000ff
994,1028,0.607877,ffc800
995,996,0.0,0000ff
995,1029,0.61444,ffc500
996,997,0.0,0000ff
996,1030,0.019293,0aff00
997,998,0.068981,23ff00
997,1031,0.0,0000ff
998,999,0.099451,33ff00
998,1032,0.0,0000ff
999,1000,0.13272,44ff00
999,1033,0.0,0000ff
1000,1001,0.145805,4aff00
1000,1034,0.0,0000ff
1001,1002,0.171051,57ff00
1001,1035,0.0,0000ff
1002,1003,0.168749,56ff00
1002,1036,0.0,0000ff
1003,1004,0.000749,00ff00
1003,1037,0.0,0000ff
1004,1005,0.000749,00ff00
1004,1038,0.0,0000ff
1005,1006,0.000749,00ff00
1005,1039,0.0,0000ff
1006,1007,0.000749,00ff00
1006,1040,0.0,0000ff
1007,1008,0.000749,00ff00
1007,1041,0.0,0000ff
1008,1009,0.000749,00ff00
1008,1042,0.0,0000ff
1009,1010,0.000749,00ff00
1009,1043,0.0,0000ff
1010,1011,0.000749,00ff00
1010,1044,0.0,0000ff
1011,1012,0.002294,01ff00
1011,1045,0.002928,01ff00
1012,1013,0.002294,01ff00
1012,1046,0.0,0000ff
1013,1014,0.002294,01ff00
1013,1047,0.0,0000ff
1014,1015,0.013909,07ff00
1014,1048,0.018454,09ff00
1015,1016,0.458356,eaff00
1015,1049,0.195633,64ff00
1016,1017,0.456289,e9ff00
1016,1050,0.021702,0bff00
1017,1018,0.446325,e4ff00
1017,1051,0.0,0000ff
1018,1019,0.440321,e1ff00
1018,1052,0.0,0000ff
1019,986,0.443917,e2ff00
1019,1053,0.0,0000ff
1020,1021,0.360069,b8ff00
1020,1054,0.0,0000ff
1021,1022,0.379859,c2ff00
1021,1055,0.0,0000ff
1022,1023,0.413305,d3ff00
1022,1056,0.0,0000ff
1023,1024,0.431366,dcff00
1023,1057,0.0,0000ff
1024,1025,0.443456,e2ff00
1024,1058,0.088824,2dff00
1025,1026,0.301487,9aff00
1025,1059,0.236996,79ff00
1026,1027,0.369968,bdff00
1026,1060,0.043169,16ff00
1027,1028,0.42589,d9ff00
1027,1061,0.0,0000ff
1028,1029,0.57829,ffd700
1028,1062,0.58718,ffd300
1029,1030,0.79318,ff6900
1029,1063,0.447534,e4ff00
1030,1031,0.830174,ff5700
1030,1064,0.003442,02ff00
1031,1032,0.628532,ffbd00
1031,1065,0.0098,05ff00
1032,1033,0.4546,e8ff00
1032,1066,0.117206,3cff00
1033,1034,0.595247,ffce00
1033,1067,0.002294,01ff00
1034,1035,0.580058,ffd600
1034,1068,0.0,0000ff
1035,1036,0.564836,ffde00
1035,1069,0.0,0000ff
1036,1037,0.557277,ffe200
1036,1070,0.0,0000ff
1037,1038,0.207949,6aff00
1037,1071,0.0,0000ff
1038,1039,0.1943,63ff00
1038,1072,0.0,0000ff
1039,1040,0.189675,61ff00
1039,1073,0.0,0000ff
1040,1041,0.180599,5cff00
1040,1074,0.0,0000ff
1041,1042,0.143505,49ff00
1041,1075,0.062389,20ff00
1042,1043,0.067791,23ff00
1042,1076,0.056213,1dff00
1043,1044,0.058254,1eff00
1043,1077,0.0,0000ff
1044,1045,0.05555,1cff00
1044,1078,0.0,0000ff
1045,1046,0.030974,10ff00
1045,1079,0.030516,10ff00
1046,1047,0.018355,09ff00
1046,1080,0.0,0000ff
1047,1048,0.02065,0bff00
1047,1081,0.0,0000ff
1048,1049,0.065502,21ff00
1048,1082,0.018454,09ff00
1049,1050,0.357448,b6ff00
1049,1083,0.368122,bcff00
1050,1051,0.354525,b5ff00
1050,1084,0.021702,0bff00
1051,1052,0.362272,b9ff00
1051,1085,0.0,0000ff
1052,1053,0.360596,b8ff00
1052,1086,0.0,0000ff
1053,1020,0.356169,b6ff00
1053,1087,0.0,0000ff
1054,1055,0.443052,e2ff00
1054,1088,0.0,0000ff
1055,1056,0.436049,deff00
1055,1089,0.0,0000ff
1056,1057,0.422915,d8ff00
1056,1090,0.0,0000ff
1057,1058,0.159118,51ff00
1057,1091,0.030254,0fff00
1058,1059,0.285242,91ff00
1058,1092,0.0826,2aff00
1059,1060,0.424372,d8ff00
1059,1093,0.162529,53ff00
1060,1061,0.451703,e6ff00
1060,1094,0.0,0000ff
1061,1062,0.39725,cbff00
1061,1095,0.0,0000ff
1062,1063,0.247082,7eff00
1062,1096,0.773357,ff7400
1063,1064,0.496119,fdff00
1063,1097,0.209827,6bff00
1064,1065,0.193215,63ff00
1064,1098,0.0,0000ff
1065,1066,0.0,0000ff
1065,1099,0.009426,05ff00
1066,1067,0.011602,06ff00
1066,1100,0.11147,39ff00
1067,1068,0.011602,06ff00
1067,1101,0.002294,01ff00
1068,1069,0.011602,06ff00
1068,1102,0.0,0000ff
1069,1070,0.011602,06ff00
1069,1103,0.0,0000ff
1070,1071,0.011602,06ff00
1070,1104,0.0,0000ff
1071,1072,0.011558,06ff00
1071,1105,0.0,0000ff
1072,1073,0.011472,06ff00
1072,1106,0.0,0000ff
1073,1074,0.011472,06ff00
1073,1107,0.0,0000ff
1074,1075,0.007019,04ff00
1074,1108,0.0,0000ff
1075,1076,0.007019,04ff00
1075,1109,0.062389,20ff00
1076,1077,0.007019,04ff00
1076,1110,0.052771,1bff00
1077,1078,0.007019,04ff00
1077,1111,0.0,0000ff
1078,1079,0.007019,04ff00
1078,1112,0.0,0000ff
1079,1080,0.0,0000ff
1079,1113,0.03869,14ff00
1080,1081,0.0,0000ff
1080,1114,0.0,0000ff
1081,1082,0.148997,4cff00
1081,1115,0.0,0000ff
1082,1083,0.227095,74ff00
1082,1116,0.222633,72ff00
1083,1084,0.417823,d5ff00
1083,1117,0.182364,5dff00
1084,1085,0.439942,e0ff00
1084,1118,0.005128,03ff00
1085,1086,0.436822,dfff00
1085,1119,0.0,0000ff
1086,1087,0.449042,e5ff00
1086,1120,0.0,0000ff
1087,1054,0.448676,e5ff00
1087,1121,0.0,0000ff
1088,1089,0.240486,7bff00
1088,1122,0.0,0000ff
1089,1090,0.235841,78ff00
1089,1123,0.0,0000ff
1090,1091,0.233633,77ff00
1090,1124,0.0,0000ff
1091,1092,0.17172,58ff00
1091,1125,0.009178,05ff00
1092,1093,0.872812,ff4100
1092,1126,0.0,0000ff
1093,1094,0.779262,ff7100
1093,1127,0.034509,12ff00
1094,1095,0.785996,ff6d00
1094,1128,0.039098,14ff00
1095,1096,0.420694,d7ff00
1095,1129,0.341726,aeff00
1096,1097,0.439517,e0ff00
1096,1130,0.770764,ff7500
1097,1098,0.520007,fff500
1097,1131,0.130504,43ff00
1098,1099,0.16458,54ff00
1098,1132,0.0,0000ff
1099,1100,0.004589,02ff00
1099,1133,0.31323,a0ff00
1100,1101,0.10024,33ff00
1100,1134,0.140918,48ff00
1101,1102,0.10024,33ff00
1101,1135,0.0,0000ff
1102,1103,0.10024,33ff00
1102,1136,0.0,0000ff
1103,1104,0.10024,33ff00
1103,1137,0.0,0000ff
1104,1105,0.096798,31ff00
1104,1138,0.0,0000ff
1105,1106,0.096798,31ff00
1105,1139,0.0,0000ff
1106,1107,0.09221,2fff00
1106,1140,0.0,0000ff
1107,1108,0.09221,2fff00
1107,1141,0.0,0000ff
1108,1109,0.092011,2fff00
1108,1142,0.0,0000ff
1109,1110,0.092011,2fff00
1109,1143,0.062389,20ff00
1110,1111,0.091776,2fff00
1110,1144,0.053006,1bff00
1111,1112,0.091776,2fff00
1111,1145,0.0,0000ff
1112,1113,0.080304,29ff00
1112,1146,0.011472,06ff00
1113,1114,0.015793,08ff00
1113,1147,0.077401,27ff00
1114,1115,0.0,0000ff
1114,1148,0.0,0000ff
1115,1116,0.026528,0eff00
1115,1149,0.095718,31ff00
1116,1117,0.195027,63ff00
1116,1150,0.076323,27ff00
1117,1118,0.227414,74ff00
1117,1151,0.158181,51ff00
1118,1119,0.239121,7aff00
1118,1152,0.005128,03ff00
1119,1120,0.245001,7dff00
1119,1153,0.0,0000ff
1120,1121,0.23732,79ff00
1120,1154,0.0,0000ff
1121,1088,0.247326,7eff00
1121,1155,0.0,0000ff
1122,1123,0.362158,b9ff00
1122,0,0.0,0000ff
1123,1124,0.358285,b7ff00
1123,1,0.0,0000ff
1124,1125,0.293137,95ff00
1124,2,0.0,0000ff
1125,1126,0.260037,85ff00
1125,3,0.005822,03ff00
1126,1127,0.463762,edff00
1126,4,0.203549,68ff00
1127,1128,0.457659,e9ff00
1127,5,0.155497,4fff00
1128,1129,0.331894,a9ff00
1128,6,0.096756,31ff00
1129,1130,0.230603,76ff00
1129,7,0.450033,e6ff00
1130,1131,0.438283,e0ff00
1130,8,0.624798,ffbf00
1131,1132,0.23808,79ff00
1131,9,0.062078,20ff00
1132,1133,0.31055,9eff00
1132,10,0.14111,48ff00
1133,1134,0.0,0000ff
1133,11,0.369608,bdff00
1134,1135,0.02569,0dff00
1134,12,0.141017,48ff00
1135,1136,0.02569,0dff00
1135,13,0.0,0000ff
1136,1137,0.02569,0dff00
1136,14,0.0,0000ff
1137,1138,0.02569,0dff00
1137,15,0.0,0000ff
1138,1139,0.016512,08ff00
1138,16,0.0,0000ff
1139,1140,0.014955,08ff00
1139,17,0.0,0000ff
1140,1141,0.014955,08ff00
1140,18,0.0,0000ff
1141,1142,0.011514,06ff00
1141,19,0.0,0000ff
1142,1143,0.001189,01ff00
1142,20,0.0,0000ff
1143,1144,0.001189,01ff00
1143,21,0.061242,1fff00
1144,1145,0.001503,01ff00
1144,22,0.051667,1aff00
1145,1146,0.016512,08ff00
1145,23,0.0,0000ff
1146,1147,0.02569,0dff00
1146,24,0.011472,06ff00
1147,1148,0.087236,2cff00
1147,25,0.150156,4dff00
1148,1149,0.080626,29ff00
1148,26,0.0,0000ff
1149,1150,0.177448,5aff00
1149,27,0.0,0000ff
1150,1151,0.275433,8cff00
1150,28,0.089576,2eff00
1151,1152,0.323601,a5ff00
1151,29,0.120032,3dff00
1152,1153,0.337062,acff00
1152,30,0.0,0000ff
1153,1154,0.365094,baff00
1153,31,0.0,0000ff
1154,1155,0.374579,bfff00
1154,32,0.0,0000ff
1155,1122,0.380455,c2ff00
1155,33,0.0,0000ff
