0,1,0.137098,46ff00
0,34,0.0,0000ff
1,2,0.140688,48ff00
1,35,0.0,0000ff
2,3,0.166451,55ff00
2,36,0.0,0000ff
3,4,0.22384,72ff00
3,37,0.138528,47ff00
4,5,0.259488,84ff00
4,38,0.174591,59ff00
5,6,0.234816,78ff00
5,39,0.200824,66ff00
6,7,0.164688,54ff00
6,40,0.220128,70ff00
7,8,0.186768,5fff00
7,41,0.291453,95ff00
8,9,0.359584,b7ff00
8,42,0.231982,76ff00
9,10,0.379008,c1ff00
9,43,0.0,0000ff
10,11,0.22056,70ff00
10,44,0.174928,59ff00
11,12,0.257071,83ff00
11,45,0.207048,6aff00
12,13,0.38216,c3ff00
12,46,0.162896,53ff00
13,14,0.376326,c0ff00
13,47,0.0,0000ff
14,15,0.369122,bcff00
14,48,0.0,0000ff
15,16,0.344851,b0ff00
15,49,0.0,0000ff
16,17,0.312768,a0ff00
16,50,0.0,0000ff
17,18,0.312768,a0ff00
17,51,0.0,0000ff
18,19,0.3132,a0ff00
18,52,0.0,0000ff
19,20,0.320207,a3ff00
19,53,0.0,0000ff
20,21,0.362804,b9ff00
20,54,0.0,0000ff
21,22,0.058224,1eff00
21,55,0.046384,18ff00
22,23,0.361472,b8ff00
22,56,0.200384,66ff00
23,24,0.31789,a2ff00
23,57,0.0,0000ff
24,25,0.292048,95ff00
24,58,0.034416,12ff00
25,26,0.128848,42ff00
25,59,0.0,0000ff
26,27,0.140256,48ff00
26,60,0.35253,b4ff00
27,28,0.152224,4eff00
27,61,0.0,0000ff
28,29,0.140256,48ff00
28,62,0.133265,44ff00
29,30,0.140256,48ff00
29,63,0.045888,17ff00
30,31,0.147149,4bff00
30,64,0.0,0000ff
31,32,0.15193,4dff00
31,65,0.0,0000ff
32,33,0.140969,48ff00
32,66,0.0,0000ff
33,0,0.1632,53ff00
33,67,0.0,0000ff
34,35,0.022944,0cff00
34,68,0.0,0000ff
35,36,0.385973,c5ff00
35,69,0.0,0000ff
36,37,0.345888,b0ff00
36,70,0.0,0000ff
37,38,0.172944,58ff00
37,71,0.0,0000ff
38,39,0.069696,24ff00
38,72,0.132432,44ff00
39,40,0.0,0000ff
39,73,0.197184,65ff00
40,41,0.0,0000ff
40,74,0.208656,6aff00
41,42,0.0,0000ff
41,75,0.312112,9fff00
42,43,0.149136,4cff00
42,76,0.069696,24ff00
43,44,0.48598,f8ff00
43,77,0.172944,58ff00
44,45,0.822402,ff5b00
44,78,0.1312,43ff00
45,46,0.942464,ff1d00
45,79,0.17616,5aff00
46,47,1.0,ff0000
46,80,0.174928,59ff00
47,48,1.0,ff0000
47,81,0.0,0000ff
48,49,1.0,ff0000
48,82,0.0,0000ff
49,50,1.0,ff0000
49,83,0.0,0000ff
50,51,1.0,ff0000
50,84,0.0,0000ff
51,52,1.0,ff0000
51,85,0.0,0000ff
52,53,1.0,ff0000
52,86,0.0,0000ff
53,54,1.0,ff0000
53,87,0.0,0000ff
54,55,0.127056,41ff00
54,88,0.0,0000ff
55,56,0.722541,ff8e00
55,89,0.527856,fff100
56,57,0.340254,aeff00
56,90,0.491074,faff00
57,58,0.383342,c4ff00
57,91,0.0,0000ff
58,59,0.339065,adff00
58,92,0.0,0000ff
59,60,0.0,0000ff
59,93,0.3387,adff00
60,61,0.0,0000ff
60,94,0.373152,beff00
61,62,0.0,0000ff
61,95,0.0,0000ff
62,63,0.000432,00ff00
62,96,0.160608,52ff00
63,64,0.000432,00ff00
63,97,0.045888,17ff00
64,65,0.000432,00ff00
64,98,0.0,0000ff
65,66,0.004613,02ff00
65,99,0.0,0000ff
66,67,0.011472,06ff00
66,100,0.0,0000ff
67,34,0.011472,06ff00
67,101,0.0,0000ff
68,69,0.0,0000ff
68,102,0.0,0000ff
69,70,0.330421,a9ff00
69,103,0.0,0000ff
70,71,0.343267,afff00
70,104,0.0,0000ff
71,72,0.334617,abff00
71,105,0.0,0000ff
72,73,0.326741,a7ff00
72,106,0.131568,43ff00
73,74,0.22088,71ff00
73,107,0.301296,9aff00
74,75,0.128672,42ff00
74,108,0.302236,9aff00
75,76,0.071312,24ff00
75,109,0.0,0000ff
76,77,0.12984,42ff00
76,110,0.1084,37ff00
77,78,0.2004,66ff00
77,111,0.158703,51ff00
78,79,0.247277,7eff00
78,112,0.059952,1fff00
79,80,0.308719,9dff00
79,113,0.117504,3cff00
80,81,0.332778,aaff00
80,114,0.068832,23ff00
81,82,0.301908,9aff00
81,115,0.0,0000ff
82,83,0.285379,92ff00
82,116,0.0,0000ff
83,84,0.31784,a2ff00
83,117,0.0,0000ff
84,85,0.29965,99ff00
84,118,0.0,0000ff
85,86,0.272942,8bff00
85,119,0.0,0000ff
86,87,0.300322,99ff00
86,120,0.0,0000ff
87,88,0.306096,9cff00
87,121,0.0,0000ff
88,89,0.298183,98ff00
88,122,0.069696,24ff00
89,90,0.05736,1dff00
89,123,0.196306,64ff00
90,91,0.195024,63ff00
90,124,0.12904,42ff00
91,92,0.195024,63ff00
91,125,0.0,0000ff
92,93,0.213385,6dff00
92,126,0.0,0000ff
93,94,0.264352,87ff00
93,127,0.304648,9bff00
94,95,0.345088,b0ff00
94,128,0.347069,b1ff00
95,96,0.362865,b9ff00
95,129,0.0,0000ff
96,97,0.47128,f0ff00
96,130,0.068832,23ff00
97,98,0.494224,fcff00
97,131,0.022944,0cff00
98,99,0.493728,fcff00
98,132,0.0,0000ff
99,100,0.556774,ffe200
99,133,0.160608,52ff00
100,101,0.50261,fffe00
100,134,0.0,0000ff
101,68,0.448868,e5ff00
101,135,0.0,0000ff
102,103,0.0,0000ff
102,136,0.0,0000ff
103,104,0.0,0000ff
103,137,0.0,0000ff
104,105,0.0,0000ff
104,138,0.0,0000ff
105,106,0.0,0000ff
105,139,0.0,0000ff
106,107,0.0,0000ff
106,140,0.111762,39ff00
107,108,0.0,0000ff
107,141,0.313568,a0ff00
108,109,0.0,0000ff
108,142,0.26045,85ff00
109,110,0.822463,ff5b00
109,143,0.0,0000ff
110,111,0.801484,ff6500
110,144,0.3872,c5ff00
111,112,0.784918,ff6e00
111,145,0.103248,35ff00
112,113,0.767104,ff7700
112,146,0.047184,18ff00
113,114,0.836697,ff5300
113,147,0.047248,18ff00
114,115,0.893296,ff3600
114,148,0.0,0000ff
115,116,0.893296,ff3600
115,149,0.0,0000ff
116,117,1.0,ff0000
116,150,0.0,0000ff
117,118,0.99041,ff0500
117,151,0.0,0000ff
118,119,0.98838,ff0600
118,152,0.0,0000ff
119,120,0.98838,ff0600
119,153,0.0,0000ff
120,121,0.98838,ff0600
120,154,0.0,0000ff
121,122,0.981023,ff0a00
121,155,0.0,0000ff
122,123,0.209952,6bff00
122,156,0.022944,0cff00
123,124,0.675971,ffa500
123,157,0.277889,8eff00
124,125,0.589764,ffd100
124,158,0.048048,19ff00
125,126,0.574011,ffd900
125,159,0.0,0000ff
126,127,0.579967,ffd600
126,160,0.0,0000ff
127,128,0.0,0000ff
127,161,0.65896,ffae00
128,129,0.0,0000ff
128,162,0.365569,baff00
129,130,0.0,0000ff
129,163,0.0,0000ff
130,131,0.0,0000ff
130,164,0.068832,23ff00
131,132,0.0,0000ff
131,165,0.022944,0cff00
132,133,0.0,0000ff
132,166,0.0,0000ff
133,134,0.0,0000ff
133,167,0.160608,52ff00
134,135,0.0,0000ff
134,168,0.0,0000ff
135,102,0.0,0000ff
135,169,0.0,0000ff
136,137,0.241861,7bff00
136,170,0.0,0000ff
137,138,0.278652,8eff00
137,171,0.0,0000ff
138,139,0.315267,a1ff00
138,172,0.0,0000ff
139,140,0.369895,bdff00
139,173,0.0,0000ff
140,141,0.300864,99ff00
140,174,0.0124,06ff00
141,142,0.173376,58ff00
141,175,0.162832,53ff00
142,143,0.292241,95ff00
142,176,0.11472,3bff00
143,144,0.528429,fff100
143,177,0.0,0000ff
144,145,0.538007,ffec00
144,178,0.276096,8dff00
145,146,0.542955,ffe900
145,179,0.080304,29ff00
146,147,0.565616,ffde00
146,180,0.047184,18ff00
147,148,0.594189,ffcf00
147,181,0.011968,06ff00
148,149,0.602961,ffca00
148,182,0.0,0000ff
149,150,0.59176,ffd000
149,183,0.0,0000ff
150,151,0.58945,ffd100
150,184,0.0,0000ff
151,152,0.53568,ffed00
151,185,0.0,0000ff
152,153,0.534663,ffed00
152,186,0.0,0000ff
153,154,0.572577,ffda00
153,187,0.0,0000ff
154,155,0.543637,ffe900
154,188,0.0,0000ff
155,156,0.489538,faff00
155,189,0.0,0000ff
156,157,0.401031,cdff00
156,190,0.095316,31ff00
157,158,0.447267,e4ff00
157,191,0.766319,ff7700
158,159,0.104112,35ff00
158,192,0.0,0000ff
159,160,0.337406,acff00
159,193,0.0,0000ff
160,161,0.31726,a2ff00
160,194,0.0,0000ff
161,162,0.0,0000ff
161,195,0.820763,ff5b00
162,163,0.0,0000ff
162,196,0.380736,c2ff00
163,164,0.0,0000ff
163,197,0.0,0000ff
164,165,0.0,0000ff
164,198,0.068832,23ff00
165,166,0.0,0000ff
165,199,0.022944,0cff00
166,167,0.0,0000ff
166,200,0.0,0000ff
167,168,0.23624,78ff00
167,201,0.0,0000ff
168,169,0.236608,79ff00
168,202,0.0,0000ff
169,136,0.282928,90ff00
169,203,0.0,0000ff
170,171,1.0,ff0000
170,204,0.0,0000ff
171,172,1.0,ff0000
171,205,0.0,0000ff
172,173,1.0,ff0000
172,206,0.0,0000ff
173,174,1.0,ff0000
173,207,0.0,0000ff
174,175,0.78846,ff6c00
174,208,0.011968,06ff00
175,176,0.369824,bdff00
175,209,0.23352,77ff00
176,177,0.093936,30ff00
176,210,0.150992,4dff00
177,178,0.124427,3fff00
177,211,0.0,0000ff
178,179,0.279984,8fff00
178,212,0.136789,46ff00
179,180,0.365978,bbff00
179,213,0.0,0000ff
180,181,0.430768,dcff00
180,214,0.0,0000ff
181,182,0.44416,e3ff00
181,215,0.0,0000ff
182,183,0.493435,fcff00
182,216,0.0,0000ff
183,184,0.293677,96ff00
183,217,0.0,0000ff
184,185,0.809818,ff6100
184,218,0.0,0000ff
185,186,0.828452,ff5700
185,219,0.0,0000ff
186,187,0.857132,ff4900
186,220,0.0,0000ff
187,188,0.844289,ff4f00
187,221,0.0,0000ff
188,189,0.856694,ff4900
188,222,0.0,0000ff
189,190,0.852343,ff4b00
189,223,0.0,0000ff
190,191,0.769531,ff7600
190,224,0.0,0000ff
191,192,0.136035,45ff00
191,225,0.0,0000ff
192,193,0.210384,6bff00
192,226,0.0,0000ff
193,194,0.210384,6bff00
193,227,0.0,0000ff
194,195,0.210384,6bff00
194,228,0.0,0000ff
195,196,0.383561,c4ff00
195,229,0.702099,ff9800
196,197,0.711097,ff9300
196,230,0.161904,53ff00
197,198,0.716292,ff9100
197,231,0.0,0000ff
198,199,0.786143,ff6d00
198,232,0.092208,2fff00
199,200,0.695231,ff9b00
199,233,0.0,0000ff
200,201,0.630112,ffbd00
200,234,0.0,0000ff
201,202,1.0,ff0000
201,235,0.070192,24ff00
202,203,1.0,ff0000
202,236,0.0,0000ff
203,170,1.0,ff0000
203,237,0.0,0000ff
204,205,1.0,ff0000
204,238,0.0,0000ff
205,206,1.0,ff0000
205,239,0.0,0000ff
206,207,1.0,ff0000
206,240,0.0,0000ff
207,208,1.0,ff0000
207,241,0.0,0000ff
208,209,0.679466,ffa300
208,242,0.240912,7bff00
209,210,0.421958,d7ff00
209,243,0.129712,42ff00
210,211,0.254544,82ff00
210,244,0.10368,35ff00
211,212,0.25368,81ff00
211,245,0.0,0000ff
212,213,0.394441,c9ff00
212,246,0.0,0000ff
213,214,0.415694,d4ff00
213,247,0.0,0000ff
214,215,0.43321,ddff00
214,248,0.0,0000ff
215,216,0.427488,daff00
215,249,0.0,0000ff
216,217,0.427488,daff00
216,250,0.0,0000ff
217,218,0.255408,82ff00
217,251,0.0,0000ff
218,219,0.308536,9dff00
218,252,0.0,0000ff
219,220,0.324672,a6ff00
219,253,0.0,0000ff
220,221,0.324672,a6ff00
220,254,0.0,0000ff
221,222,0.325104,a6ff00
221,255,0.0,0000ff
222,223,0.307725,9dff00
222,256,0.0,0000ff
223,224,0.272593,8bff00
223,257,0.0,0000ff
224,225,0.240942,7bff00
224,258,0.0,0000ff
225,226,0.0,0000ff
225,259,0.0,0000ff
226,227,0.401976,cdff00
226,260,0.0,0000ff
227,228,0.398592,cbff00
227,261,0.0,0000ff
228,229,0.364176,baff00
228,262,0.0,0000ff
229,230,0.763194,ff7900
229,263,0.360676,b8ff00
230,231,0.921595,ff2800
230,264,0.03528,12ff00
231,232,0.921595,ff2800
231,265,0.0,0000ff
232,233,0.92718,ff2500
232,266,0.173376,58ff00
233,234,0.34936,b2ff00
233,267,0.0,0000ff
234,235,0.789685,ff6b00
234,268,0.023376,0cff00
235,236,0.813925,ff5f00
235,269,0.0,0000ff
236,237,0.815359,ff5e00
236,270,0.0,0000ff
237,204,0.732688,ff8800
237,271,0.0,0000ff
238,239,0.137664,46ff00
238,272,0.0,0000ff
239,240,0.137664,46ff00
239,273,0.0,0000ff
240,241,0.137664,46ff00
240,274,0.0,0000ff
241,242,0.143748,49ff00
241,275,0.0,0000ff
242,243,0.0,0000ff
242,276,0.0,0000ff
243,244,0.0,0000ff
243,277,0.0,0000ff
244,245,0.0,0000ff
244,278,0.10368,35ff00
245,246,0.0,0000ff
245,279,0.0,0000ff
246,247,0.0,0000ff
246,280,0.0,0000ff
247,248,0.0,0000ff
247,281,0.0,0000ff
248,249,0.0,0000ff
248,282,0.0,0000ff
249,250,0.0,0000ff
249,283,0.0,0000ff
250,251,0.0,0000ff
250,284,0.0,0000ff
251,252,0.0,0000ff
251,285,0.0,0000ff
252,253,0.0,0000ff
252,286,0.0,0000ff
253,254,0.0,0000ff
253,287,0.0,0000ff
254,255,0.0,0000ff
254,288,0.0,0000ff
255,256,0.0,0000ff
255,289,0.0,0000ff
256,257,0.0,0000ff
256,290,0.0,0000ff
257,258,0.0,0000ff
257,291,0.0,0000ff
258,259,0.0,0000ff
258,292,0.0,0000ff
259,260,0.0,0000ff
259,293,0.0,0000ff
260,261,0.0,0000ff
260,294,0.0,0000ff
261,262,0.0,0000ff
261,295,0.0,0000ff
262,263,0.0,0000ff
262,296,0.0,0000ff
263,264,0.0,0000ff
263,297,0.377493,c1ff00
264,265,0.0,0000ff
264,298,0.03528,12ff00
265,266,0.0,0000ff
265,299,0.0,0000ff
266,267,0.138939,47ff00
266,300,0.353071,b4ff00
267,268,0.116016,3bff00
267,301,0.0,0000ff
268,269,0.116016,3bff00
268,302,0.023376,0cff00
269,270,0.115584,3bff00
269,303,0.0,0000ff
270,271,0.11472,3bff00
270,304,0.0,0000ff
271,238,0.11472,3bff00
271,305,0.0,0000ff
272,273,0.213955,6dff00
272,306,0.0,0000ff
273,274,0.197376,65ff00
273,307,0.0,0000ff
274,275,0.182946,5dff00
274,308,0.0,0000ff
275,276,0.151488,4dff00
275,309,0.0,0000ff
276,277,0.138096,46ff00
276,310,0.0,0000ff
277,278,0.10368,35ff00
277,311,0.0,0000ff
278,279,0.0,0000ff
278,312,0.0,0000ff
279,280,0.0,0000ff
279,313,0.0,0000ff
280,281,0.0,0000ff
280,314,0.0,0000ff
281,282,0.0,0000ff
281,315,0.0,0000ff
282,283,0.0,0000ff
282,316,0.0,0000ff
283,284,0.0,0000ff
283,317,0.0,0000ff
284,285,0.0,0000ff
284,318,0.0,0000ff
285,286,0.0,0000ff
285,319,0.0,0000ff
286,287,0.0,0000ff
286,320,0.0,0000ff
287,288,0.0,0000ff
287,321,0.0,0000ff
288,289,0.0,0000ff
288,322,0.0,0000ff
289,290,0.0,0000ff
289,323,0.0,0000ff
290,291,0.0,0000ff
290,324,0.0,0000ff
291,292,0.0,0000ff
291,325,0.0,0000ff
292,293,0.0,0000ff
292,326,0.0,0000ff
293,294,0.0,0000ff
293,327,0.0,0000ff
294,295,0.0,0000ff
294,328,0.0,0000ff
295,296,0.0,0000ff
295,329,0.0,0000ff
296,297,0.0,0000ff
296,330,0.0,0000ff
297,298,0.0,0000ff
297,331,0.383824,c4ff00
298,299,0.0,0000ff
298,332,0.03528,12ff00
299,300,0.0,0000ff
299,333,0.0,0000ff
300,301,0.149568,4cff00
300,334,0.068832,23ff00
301,302,0.16104,52ff00
301,335,0.0,0000ff
302,303,0.16104,52ff00
302,336,0.023376,0cff00
303,304,0.183984,5eff00
303,337,0.0,0000ff
304,305,0.183984,5eff00
304,338,0.0,0000ff
305,272,0.18448,5eff00
305,339,0.0,0000ff
306,307,0.045888,17ff00
306,340,0.0,0000ff
307,308,0.045888,17ff00
307,341,0.0,0000ff
308,309,0.045888,17ff00
308,342,0.0,0000ff
309,310,0.015734,08ff00
309,343,0.0,0000ff
310,311,0.0,0000ff
310,344,0.0,0000ff
311,312,0.0,0000ff
311,345,0.0,0000ff
312,313,0.0,0000ff
312,346,0.0,0000ff
313,314,0.0,0000ff
313,347,0.0,0000ff
314,315,0.0,0000ff
314,348,0.0,0000ff
315,316,0.0,0000ff
315,349,0.0,0000ff
316,317,0.0,0000ff
316,350,0.0,0000ff
317,318,0.0,0000ff
317,351,0.0,0000ff
318,319,0.0,0000ff
318,352,0.0,0000ff
319,320,0.0,0000ff
319,353,0.0,0000ff
320,321,0.0,0000ff
320,354,0.0,0000ff
321,322,0.0,0000ff
321,355,0.0,0000ff
322,323,0.0,0000ff
322,356,0.0,0000ff
323,324,0.0,0000ff
323,357,0.0,0000ff
324,325,0.0,0000ff
324,358,0.0,0000ff
325,326,0.0,0000ff
325,359,0.0,0000ff
326,327,0.0,0000ff
326,360,0.0,0000ff
327,328,0.0,0000ff
327,361,0.0,0000ff
328,329,0.0,0000ff
328,362,0.0,0000ff
329,330,0.0,0000ff
329,363,0.0,0000ff
330,331,0.0,0000ff
330,364,0.0,0000ff
331,332,0.38376,c4ff00
331,365,0.0,0000ff
332,333,0.0,0000ff
332,366,0.0,0000ff
333,334,0.045888,17ff00
333,367,0.0,0000ff
334,335,0.045888,17ff00
334,368,0.068832,23ff00
335,336,0.045888,17ff00
335,369,0.0,0000ff
336,337,0.045888,17ff00
336,370,0.023376,0cff00
337,338,0.045888,17ff00
337,371,0.0,0000ff
338,339,0.045888,17ff00
338,372,0.0,0000ff
339,306,0.045888,17ff00
339,373,0.0,0000ff
340,341,0.0,0000ff
340,374,0.0,0000ff
341,342,0.0,0000ff
341,375,0.0,0000ff
342,343,0.0,0000ff
342,376,0.0,0000ff
343,344,0.0,0000ff
343,377,0.0,0000ff
344,345,0.0,0000ff
344,378,0.0,0000ff
345,346,0.0,0000ff
345,379,0.0,0000ff
346,347,0.0,0000ff
346,380,0.0,0000ff
347,348,0.0,0000ff
347,381,0.0,0000ff
348,349,0.0,0000ff
348,382,0.0,0000ff
349,350,0.0,0000ff
349,383,0.0,0000ff
350,351,0.0,0000ff
350,384,0.0,0000ff
351,352,0.0,0000ff
351,385,0.0,0000ff
352,353,0.0,0000ff
352,386,0.0,0000ff
353,354,0.0,0000ff
353,387,0.0,0000ff
354,355,0.0,0000ff
354,388,0.0,0000ff
355,356,0.0,0000ff
355,389,0.0,0000ff
356,357,0.0,0000ff
356,390,0.0,0000ff
357,358,0.0,0000ff
357,391,0.0,0000ff
358,359,0.0,0000ff
358,392,0.0,0000ff
359,360,0.0,0000ff
359,393,0.0,0000ff
360,361,0.0,0000ff
360,394,0.0,0000ff
361,362,0.0,0000ff
361,395,0.0,0000ff
362,363,0.0,0000ff
362,396,0.0,0000ff
363,364,0.0,0000ff
363,397,0.0,0000ff
364,365,0.0,0000ff
364,398,0.0,0000ff
365,366,0.0,0000ff
365,399,0.0,0000ff
366,367,0.0,0000ff
366,400,0.0,0000ff
367,368,0.0,0000ff
367,401,0.0,0000ff
368,369,0.0,0000ff
368,402,0.068832,23ff00
369,370,0.0,0000ff
369,403,0.0,0000ff
370,371,0.0,0000ff
370,404,0.047194,18ff00
371,372,0.0,0000ff
371,405,0.0,0000ff
372,373,0.0,0000ff
372,406,0.0,0000ff
373,340,0.0,0000ff
373,407,0.0,0000ff
374,375,0.0,0000ff
374,408,0.0,0000ff
375,376,0.0,0000ff
375,409,0.0,0000ff
376,377,0.0,0000ff
376,410,0.0,0000ff
377,378,0.0,0000ff
377,411,0.0,0000ff
378,379,0.0,0000ff
378,412,0.0,0000ff
379,380,0.0,0000ff
379,413,0.0,0000ff
380,381,0.0,0000ff
380,414,0.0,0000ff
381,382,0.0,0000ff
381,415,0.0,0000ff
382,383,0.0,0000ff
382,416,0.0,0000ff
383,384,0.0,0000ff
383,417,0.0,0000ff
384,385,0.0,0000ff
384,418,0.0,0000ff
385,386,0.0,0000ff
385,419,0.0,0000ff
386,387,0.0,0000ff
386,420,0.0,0000ff
387,388,0.0,0000ff
387,421,0.0,0000ff
388,389,0.0,0000ff
388,422,0.0,0000ff
389,390,0.0,0000ff
389,423,0.0,0000ff
390,391,0.0,0000ff
390,424,0.0,0000ff
391,392,0.0,0000ff
391,425,0.0,0000ff
392,393,0.0,0000ff
392,426,0.0,0000ff
393,394,0.0,0000ff
393,427,0.0,0000ff
394,395,0.0,0000ff
394,428,0.0,0000ff
395,396,0.0,0000ff
395,429,0.0,0000ff
396,397,0.0,0000ff
396,430,0.0,0000ff
397,398,0.0,0000ff
397,431,0.0,0000ff
398,399,0.0,0000ff
398,432,0.0,0000ff
399,400,0.0,0000ff
399,433,0.0,0000ff
400,401,0.0,0000ff
400,434,0.049453,19ff00
401,402,0.0,0000ff
401,435,0.0,0000ff
402,403,0.0,0000ff
402,436,0.068832,23ff00
403,404,0.0,0000ff
403,437,0.0,0000ff
404,405,0.0,0000ff
404,438,0.10368,35ff00
405,406,0.0,0000ff
405,439,0.0,0000ff
406,407,0.0,0000ff
406,440,0.0,0000ff
407,374,0.0,0000ff
407,441,0.0,0000ff
408,409,0.0,0000ff
408,442,0.0,0000ff
409,410,0.0,0000ff
409,443,0.0,0000ff
410,411,0.0,0000ff
410,444,0.0,0000ff
411,412,0.0,0000ff
411,445,0.0,0000ff
412,413,0.0,0000ff
412,446,0.0,0000ff
413,414,0.0,0000ff
413,447,0.0,0000ff
414,415,0.0,0000ff
414,448,0.0,0000ff
415,416,0.0,0000ff
415,449,0.0,0000ff
416,417,0.0,0000ff
416,450,0.0,0000ff
417,418,0.0,0000ff
417,451,0.0,0000ff
418,419,0.0,0000ff
418,452,0.0,0000ff
419,420,0.0,0000ff
419,453,0.0,0000ff
420,421,0.0,0000ff
420,454,0.0,0000ff
421,422,0.0,0000ff
421,455,0.0,0000ff
422,423,0.0,0000ff
422,456,0.0,0000ff
423,424,0.0,0000ff
423,457,0.0,0000ff
424,425,0.0,0000ff
424,458,0.0,0000ff
425,426,0.0,0000ff
425,459,0.0,0000ff
426,427,0.0,0000ff
426,460,0.0,0000ff
427,428,0.0,0000ff
427,461,0.0,0000ff
428,429,0.0,0000ff
428,462,0.0,0000ff
429,430,0.0,0000ff
429,463,0.0,0000ff
430,431,0.0,0000ff
430,464,0.0,0000ff
431,432,0.0,0000ff
431,465,0.0,0000ff
432,433,0.0,0000ff
432,466,0.0,0000ff
433,434,0.0,0000ff
433,467,0.0,0000ff
434,435,0.0,0000ff
434,468,0.045888,17ff00
435,436,0.0,0000ff
435,469,0.0,0000ff
436,437,0.0,0000ff
436,470,0.068832,23ff00
437,438,0.0,0000ff
437,471,0.0,0000ff
438,439,0.0,0000ff
438,472,0.10368,35ff00
439,440,0.0,0000ff
439,473,0.0,0000ff
440,441,0.0,0000ff
440,474,0.0,0000ff
441,408,0.0,0000ff
441,475,0.0,0000ff
442,443,0.10584,36ff00
442,476,0.0,0000ff
443,444,0.105408,36ff00
443,477,0.0,0000ff
444,445,0.035712,12ff00
444,478,0.070128,24ff00
445,446,0.0,0000ff
445,479,0.035712,12ff00
446,447,0.0,0000ff
446,480,0.0,0000ff
447,448,0.0,0000ff
447,481,0.0,0000ff
448,449,0.0,0000ff
448,482,0.0,0000ff
449,450,0.0,0000ff
449,483,0.0,0000ff
450,451,0.0,0000ff
450,484,0.0,0000ff
451,452,0.0,0000ff
451,485,0.0,0000ff
452,453,0.0,0000ff
452,486,0.0,0000ff
453,454,0.0,0000ff
453,487,0.0,0000ff
454,455,0.0,0000ff
454,488,0.0,0000ff
455,456,0.0,0000ff
455,489,0.0,0000ff
456,457,0.0,0000ff
456,490,0.0,0000ff
457,458,0.0,0000ff
457,491,0.0,0000ff
458,459,0.0,0000ff
458,492,0.0,0000ff
459,460,0.0,0000ff
459,493,0.0,0000ff
460,461,0.0,0000ff
460,494,0.0,0000ff
461,462,0.0,0000ff
461,495,0.0,0000ff
462,463,0.0,0000ff
462,496,0.0,0000ff
463,464,0.0,0000ff
463,497,0.0,0000ff
464,465,0.0,0000ff
464,498,0.0,0000ff
465,466,0.0,0000ff
465,499,0.0,0000ff
466,467,0.0,0000ff
466,500,0.0,0000ff
467,468,0.0,0000ff
467,501,0.0,0000ff
468,469,0.0364,13ff00
468,502,0.04632,18ff00
469,470,0.0364,13ff00
469,503,0.0,0000ff
470,471,0.092768,2fff00
470,504,0.0,0000ff
471,472,0.092768,2fff00
471,505,0.0,0000ff
472,473,0.196448,64ff00
472,506,0.0,0000ff
473,474,0.196448,64ff00
473,507,0.0,0000ff
474,475,0.196448,64ff00
474,508,0.0,0000ff
475,442,0.0,0000ff
475,509,0.0,0000ff
476,477,0.0,0000ff
476,510,0.0,0000ff
477,478,0.0,0000ff
477,511,0.0,0000ff
478,479,0.0,0000ff
478,512,0.088038,2dff00
479,480,0.0,0000ff
479,513,0.035712,12ff00
480,481,0.0,0000ff
480,514,0.0,0000ff
481,482,0.0,0000ff
481,515,0.0,0000ff
482,483,0.0,0000ff
482,516,0.0,0000ff
483,484,0.0,0000ff
483,517,0.0,0000ff
484,485,0.0,0000ff
484,518,0.0,0000ff
485,486,0.0,0000ff
485,519,0.0,0000ff
486,487,0.0,0000ff
486,520,0.0,0000ff
487,488,0.0,0000ff
487,521,0.0,0000ff
488,489,0.0,0000ff
488,522,0.0,0000ff
489,490,0.0,0000ff
489,523,0.0,0000ff
490,491,0.0,0000ff
490,524,0.0,0000ff
491,492,0.0,0000ff
491,525,0.0,0000ff
492,493,0.0,0000ff
492,526,0.0,0000ff
493,494,0.0,0000ff
493,527,0.0,0000ff
494,495,0.0,0000ff
494,528,0.0,0000ff
495,496,0.0,0000ff
495,529,0.0,0000ff
496,497,0.0,0000ff
496,530,0.0,0000ff
497,498,0.0,0000ff
497,531,0.0,0000ff
498,499,0.0,0000ff
498,532,0.0,0000ff
499,500,0.0,0000ff
499,533,0.0,0000ff
500,501,0.05736,1dff00
500,534,0.0,0000ff
501,502,0.0,0000ff
501,535,0.05736,1dff00
502,503,0.0,0000ff
502,536,0.04632,18ff00
503,504,0.0,0000ff
503,537,0.0,0000ff
504,505,0.0,0000ff
504,538,0.0,0000ff
505,506,0.0,0000ff
505,539,0.0,0000ff
506,507,0.0,0000ff
506,540,0.0,0000ff
507,508,0.0,0000ff
507,541,0.0,0000ff
508,509,0.0,0000ff
508,542,0.0,0000ff
509,476,0.0,0000ff
509,543,0.0,0000ff
510,511,0.0,0000ff
510,544,0.0,0000ff
511,512,0.0,0000ff
511,545,0.0,0000ff
512,513,0.0,0000ff
512,546,0.106264,36ff00
513,514,0.0,0000ff
513,547,0.035712,12ff00
514,515,0.0,0000ff
514,548,0.0,0000ff
515,516,0.0,0000ff
515,549,0.0,0000ff
516,517,0.0,0000ff
516,550,0.0,0000ff
517,518,0.0,0000ff
517,551,0.0,0000ff
518,519,0.0,0000ff
518,552,0.0,0000ff
519,520,0.0,0000ff
519,553,0.0,0000ff
520,521,0.011904,06ff00
520,554,0.011904,06ff00
521,522,0.011904,06ff00
521,555,0.0,0000ff
522,523,0.022944,0cff00
522,556,0.0,0000ff
523,524,0.022944,0cff00
523,557,0.0,0000ff
524,525,0.022944,0cff00
524,558,0.0,0000ff
525,526,0.022944,0cff00
525,559,0.0,0000ff
526,527,0.022944,0cff00
526,560,0.0,0000ff
527,528,0.022944,0cff00
527,561,0.0,0000ff
528,529,0.022944,0cff00
528,562,0.0,0000ff
529,530,0.022944,0cff00
529,563,0.0,0000ff
530,531,0.022944,0cff00
530,564,0.0,0000ff
531,532,0.022944,0cff00
531,565,0.0,0000ff
532,533,0.022944,0cff00
532,566,0.0,0000ff
533,534,0.0,0000ff
533,567,0.769741,ff7500
534,535,0.0,0000ff
534,568,0.0,0000ff
535,536,0.0,0000ff
535,569,0.05736,1dff00
536,537,0.0,0000ff
536,570,0.04632,18ff00
537,538,0.0,0000ff
537,571,0.0,0000ff
538,539,0.0,0000ff
538,572,0.0,0000ff
539,540,0.0,0000ff
539,573,0.0,0000ff
540,541,0.0,0000ff
540,574,0.0,0000ff
541,542,0.0,0000ff
541,575,0.0,0000ff
542,543,0.0,0000ff
542,576,0.0,0000ff
543,510,0.0,0000ff
543,577,0.0,0000ff
544,545,0.0,0000ff
544,578,0.0,0000ff
545,546,0.0,0000ff
545,579,0.0,0000ff
546,547,0.0,0000ff
546,580,0.115152,3bff00
547,548,0.0,0000ff
547,581,0.057792,1dff00
548,549,0.0,0000ff
548,582,0.0,0000ff
549,550,0.0,0000ff
549,583,0.0,0000ff
550,551,0.0,0000ff
550,584,0.0,0000ff
551,552,0.0,0000ff
551,585,0.0,0000ff
552,553,0.0,0000ff
552,586,0.0,0000ff
553,554,0.0,0000ff
553,587,0.0,0000ff
554,555,0.0,0000ff
554,588,0.011904,06ff00
555,556,0.0,0000ff
555,589,0.0,0000ff
556,557,0.0,0000ff
556,590,0.0,0000ff
557,558,0.0,0000ff
557,591,0.0,0000ff
558,559,0.0,0000ff
558,592,0.0,0000ff
559,560,0.0,0000ff
559,593,0.0,0000ff
560,561,0.0,0000ff
560,594,0.0,0000ff
561,562,0.0,0000ff
561,595,0.0,0000ff
562,563,0.0,0000ff
562,596,0.0,0000ff
563,564,0.0,0000ff
563,597,0.0,0000ff
564,565,0.0,0000ff
564,598,0.0,0000ff
565,566,0.0,0000ff
565,599,0.0,0000ff
566,567,0.065366,21ff00
566,600,0.0,0000ff
567,568,0.045888,17ff00
567,601,0.746364,ff8100
568,569,0.045888,17ff00
568,602,0.0,0000ff
569,570,0.0,0000ff
569,603,0.05736,1dff00
570,571,0.0,0000ff
570,604,0.04632,18ff00
571,572,0.0,0000ff
571,605,0.0,0000ff
572,573,0.0,0000ff
572,606,0.0,0000ff
573,574,0.0,0000ff
573,607,0.0,0000ff
574,575,0.0,0000ff
574,608,0.0,0000ff
575,576,0.0,0000ff
575,609,0.0,0000ff
576,577,0.0,0000ff
576,610,0.0,0000ff
577,544,0.0,0000ff
577,611,0.0,0000ff
578,579,0.220992,71ff00
578,612,0.0,0000ff
579,580,0.220992,71ff00
579,613,0.0,0000ff
580,581,0.0,0000ff
580,614,0.0,0000ff
581,582,0.745893,ff8200
581,615,0.057792,1dff00
582,583,0.712273,ff9300
582,616,0.0,0000ff
583,584,0.660441,ffad00
583,617,0.0,0000ff
584,585,0.620066,ffc200
584,618,0.0,0000ff
585,586,0.59707,ffcd00
585,619,0.0,0000ff
586,587,0.0,0000ff
586,620,0.585649,ffd300
587,588,0.0,0000ff
587,621,0.0,0000ff
588,589,0.001728,01ff00
588,622,0.013632,07ff00
589,590,0.149568,4cff00
589,623,0.149568,4cff00
590,591,0.587328,ffd200
590,624,0.534576,ffed00
591,592,1.0,ff0000
591,625,0.299136,99ff00
592,593,1.0,ff0000
592,626,0.0,0000ff
593,594,1.0,ff0000
593,627,0.0,0000ff
594,595,1.0,ff0000
594,628,0.0,0000ff
595,596,1.0,ff0000
595,629,0.0,0000ff
596,597,1.0,ff0000
596,630,0.0,0000ff
597,598,1.0,ff0000
597,631,0.0,0000ff
598,599,0.387008,c5ff00
598,632,0.107369,37ff00
599,600,0.07056,24ff00
599,633,0.51541,fff700
600,601,0.07056,24ff00
600,634,0.0,0000ff
601,602,0.07056,24ff00
601,635,0.746361,ff8100
602,603,0.104976,36ff00
602,636,0.0,0000ff
603,604,0.150864,4dff00
603,637,0.0,0000ff
604,605,0.196752,64ff00
604,638,0.0,0000ff
605,606,0.196752,64ff00
605,639,0.0,0000ff
606,607,0.202145,67ff00
606,640,0.0,0000ff
607,608,0.208224,6aff00
607,641,0.0,0000ff
608,609,0.220337,70ff00
608,642,0.0,0000ff
609,610,0.21733,6fff00
609,643,0.0,0000ff
610,611,0.196752,64ff00
610,644,0.0,0000ff
611,578,0.22056,70ff00
611,645,0.0,0000ff
612,613,0.0,0000ff
612,646,0.0,0000ff
613,614,0.0,0000ff
613,647,0.0,0000ff
614,615,0.0,0000ff
614,648,0.0,0000ff
615,616,0.0,0000ff
615,649,0.0,0000ff
616,617,0.545173,ffe800
616,650,0.0,0000ff
617,618,0.57686,ffd800
617,651,0.0,0000ff
618,619,0.631489,ffbc00
618,652,0.0,0000ff
619,620,0.673783,ffa600
619,653,0.0,0000ff
620,621,0.253399,81ff00
620,654,1.0,ff0000
621,622,0.221714,71ff00
621,655,0.0,0000ff
622,623,0.27792,8eff00
622,656,0.036272,12ff00
623,624,0.280944,8fff00
623,657,0.158575,51ff00
624,625,0.446505,e4ff00
624,658,0.412161,d2ff00
625,626,0.913461,ff2c00
625,659,0.269296,89ff00
626,627,1.0,ff0000
626,660,0.0816,2aff00
627,628,1.0,ff0000
627,661,0.0,0000ff
628,629,1.0,ff0000
628,662,0.0,0000ff
629,630,1.0,ff0000
629,663,0.0,0000ff
630,631,1.0,ff0000
630,664,0.0,0000ff
631,632,1.0,ff0000
631,665,0.0,0000ff
632,633,0.221616,71ff00
632,666,0.307597,9dff00
633,634,0.049472,19ff00
633,667,0.397952,cbff00
634,635,0.049155,19ff00
634,668,0.0,0000ff
635,636,0.0,0000ff
635,669,0.674681,ffa600
636,637,0.0,0000ff
636,670,0.0,0000ff
637,638,0.0,0000ff
637,671,0.0,0000ff
638,639,0.0,0000ff
638,672,0.0,0000ff
639,640,0.0,0000ff
639,673,0.0,0000ff
640,641,0.0,0000ff
640,674,0.0,0000ff
641,642,0.0,0000ff
641,675,0.0,0000ff
642,643,0.0,0000ff
642,676,0.0,0000ff
643,644,0.0,0000ff
643,677,0.0,0000ff
644,645,0.0,0000ff
644,678,0.0,0000ff
645,612,0.0,0000ff
645,679,0.0,0000ff
646,647,0.207792,6aff00
646,680,0.0,0000ff
647,648,0.230736,76ff00
647,681,0.0,0000ff
648,649,0.0,0000ff
648,682,0.0,0000ff
649,650,0.0,0000ff
649,683,0.0,0000ff
650,651,0.0,0000ff
650,684,0.0,0000ff
651,652,0.0,0000ff
651,685,0.0,0000ff
652,653,0.0,0000ff
652,686,0.0,0000ff
653,654,0.0,0000ff
653,687,0.0,0000ff
654,655,0.103248,35ff00
654,688,1.0,ff0000
655,656,0.103248,35ff00
655,689,0.0,0000ff
656,657,0.127056,41ff00
656,690,0.0,0000ff
657,658,0.277145,8dff00
657,691,0.141744,48ff00
658,659,0.802958,ff6400
658,692,0.531919,ffef00
659,660,0.521693,fff400
659,693,0.152533,4eff00
660,661,0.740238,ff8400
660,694,0.0,0000ff
661,662,0.762337,ff7900
661,695,0.0,0000ff
662,663,0.738397,ff8500
662,696,0.0,0000ff
663,664,0.743912,ff8300
663,697,0.0,0000ff
664,665,0.740003,ff8500
664,698,0.0,0000ff
665,666,0.709771,ff9400
665,699,0.0,0000ff
666,667,0.634643,ffba00
666,700,0.22204,71ff00
667,668,0.461724,ebff00
667,701,0.19904,66ff00
668,669,0.472272,f1ff00
668,702,0.0,0000ff
669,670,0.0,0000ff
669,703,0.245001,7dff00
670,671,0.0,0000ff
670,704,0.0,0000ff
671,672,0.0,0000ff
671,705,0.0,0000ff
672,673,0.0,0000ff
672,706,0.0,0000ff
673,674,0.0,0000ff
673,707,0.0,0000ff
674,675,0.0,0000ff
674,708,0.0,0000ff
675,676,0.0,0000ff
675,709,0.0,0000ff
676,677,0.078964,28ff00
676,710,0.05736,1dff00
677,678,0.127488,41ff00
677,711,0.050032,1aff00
678,679,0.159267,51ff00
678,712,0.0,0000ff
679,646,0.203604,68ff00
679,713,0.0,0000ff
680,681,0.0,0000ff
680,714,0.0,0000ff
681,682,0.0,0000ff
681,715,0.0,0000ff
682,683,0.0,0000ff
682,716,0.0,0000ff
683,684,0.0,0000ff
683,717,0.0,0000ff
684,685,0.0,0000ff
684,718,0.0,0000ff
685,686,0.0,0000ff
685,719,0.0,0000ff
686,687,0.0,0000ff
686,720,0.0,0000ff
687,688,0.0,0000ff
687,721,0.0,0000ff
688,689,0.117058,3cff00
688,722,0.636908,ffb900
689,690,0.116016,3bff00
689,723,0.0,0000ff
690,691,0.182472,5dff00
690,724,0.0,0000ff
691,692,0.27984,8fff00
691,725,0.153344,4eff00
692,693,0.357141,b6ff00
692,726,0.50306,fffd00
693,694,0.691884,ff9d00
693,727,0.10696,37ff00
694,695,1.0,ff0000
694,728,0.04632,18ff00
695,696,1.0,ff0000
695,729,0.0,0000ff
696,697,0.402889,cdff00
696,730,0.104112,35ff00
697,698,0.398467,cbff00
697,731,0.0,0000ff
698,699,0.397088,cbff00
698,732,0.0,0000ff
699,700,0.391541,c8ff00
699,733,0.0,0000ff
700,701,0.207528,6aff00
700,734,0.0,0000ff
701,702,0.045243,17ff00
701,735,0.0248,0dff00
702,703,0.060384,1fff00
702,736,0.0,0000ff
703,704,0.0,0000ff
703,737,0.17536,59ff00
704,705,0.0,0000ff
704,738,0.0,0000ff
705,706,0.0,0000ff
705,739,0.0,0000ff
706,707,0.0,0000ff
706,740,0.0,0000ff
707,708,0.0,0000ff
707,741,0.0,0000ff
708,709,0.0,0000ff
708,742,0.0,0000ff
709,710,0.0,0000ff
709,743,0.0,0000ff
710,711,0.0,0000ff
710,744,0.011472,06ff00
711,712,0.0,0000ff
711,745,0.050032,1aff00
712,713,0.0,0000ff
712,746,0.0,0000ff
713,680,0.0,0000ff
713,747,0.0,0000ff
714,715,0.0,0000ff
714,748,0.0,0000ff
715,716,0.0,0000ff
715,749,0.0,0000ff
716,717,0.0,0000ff
716,750,0.0,0000ff
717,718,0.0,0000ff
717,751,0.0,0000ff
718,719,0.0,0000ff
718,752,0.0,0000ff
719,720,0.0,0000ff
719,753,0.0,0000ff
720,721,0.0,0000ff
720,754,0.0,0000ff
721,722,0.0,0000ff
721,755,0.0,0000ff
722,723,0.091776,2fff00
722,756,0.525029,fff200
723,724,0.526031,fff200
723,757,0.0,0000ff
724,725,0.555049,ffe300
724,758,0.139824,47ff00
725,726,0.543649,ffe900
725,759,0.220821,71ff00
726,727,0.30848,9dff00
726,760,0.578502,ffd700
727,728,0.116576,3bff00
727,761,0.012336,06ff00
728,729,0.116576,3bff00
728,762,0.04768,18ff00
729,730,0.116576,3bff00
729,763,0.0,0000ff
730,731,0.116576,3bff00
730,764,0.104112,35ff00
731,732,0.107939,37ff00
731,765,0.0,0000ff
732,733,0.070688,24ff00
732,766,0.0,0000ff
733,734,0.072544,25ff00
733,767,0.0,0000ff
734,735,0.051034,1aff00
734,768,0.0,0000ff
735,736,0.025296,0dff00
735,769,0.0,0000ff
736,737,0.025792,0dff00
736,770,0.0,0000ff
737,738,0.0,0000ff
737,771,0.149568,4cff00
738,739,0.0,0000ff
738,772,0.0,0000ff
739,740,0.0,0000ff
739,773,0.0,0000ff
740,741,0.0,0000ff
740,774,0.0,0000ff
741,742,0.0,0000ff
741,775,0.0,0000ff
742,743,0.0,0000ff
742,776,0.0,0000ff
743,744,0.0,0000ff
743,777,0.0,0000ff
744,745,0.0,0000ff
744,778,0.011472,06ff00
745,746,0.0,0000ff
745,779,0.047184,18ff00
746,747,0.0,0000ff
746,780,0.0,0000ff
747,714,0.0,0000ff
747,781,0.0,0000ff
748,749,0.011904,06ff00
748,782,0.0,0000ff
749,750,0.011904,06ff00
749,783,0.0,0000ff
750,751,0.011904,06ff00
750,784,0.0,0000ff
751,752,0.011904,06ff00
751,785,0.0,0000ff
752,753,0.011904,06ff00
752,786,0.0,0000ff
753,754,0.011904,06ff00
753,787,0.0,0000ff
754,755,0.011904,06ff00
754,788,0.0,0000ff
755,756,0.011904,06ff00
755,789,0.0,0000ff
756,757,0.32683,a7ff00
756,790,0.237955,79ff00
757,758,0.479865,f5ff00
757,791,0.0,0000ff
758,759,0.814545,ff5f00
758,792,0.127056,41ff00
759,760,0.729422,ff8a00
759,793,0.048608,19ff00
760,761,0.648316,ffb300
760,794,0.164192,54ff00
761,762,0.955079,ff1700
761,795,0.580719,ffd600
762,763,1.0,ff0000
762,796,0.014485,07ff00
763,764,1.0,ff0000
763,797,0.0,0000ff
764,765,1.0,ff0000
764,798,0.091776,2fff00
765,766,0.09264,2fff00
765,799,0.0,0000ff
766,767,0.093632,30ff00
766,800,0.0,0000ff
767,768,0.093632,30ff00
767,801,0.0,0000ff
768,769,0.093632,30ff00
768,802,0.0,0000ff
769,770,0.093632,30ff00
769,803,0.0,0000ff
770,771,0.093632,30ff00
770,804,0.0,0000ff
771,772,0.0,0000ff
771,805,0.115152,3bff00
772,773,0.0,0000ff
772,806,0.0,0000ff
773,774,0.0,0000ff
773,807,0.0,0000ff
774,775,0.0,0000ff
774,808,0.0,0000ff
775,776,0.0,0000ff
775,809,0.0,0000ff
776,777,0.0,0000ff
776,810,0.0,0000ff
777,778,0.0,0000ff
777,811,0.0,0000ff
778,779,0.0,0000ff
778,812,0.011472,06ff00
779,780,0.011904,06ff00
779,813,0.0,0000ff
780,781,0.011904,06ff00
780,814,0.0,0000ff
781,748,0.011904,06ff00
781,815,0.0,0000ff
782,783,1.0,ff0000
782,816,0.0,0000ff
783,784,1.0,ff0000
783,817,0.0,0000ff
784,785,1.0,ff0000
784,818,0.0,0000ff
785,786,1.0,ff0000
785,819,0.0,0000ff
786,787,1.0,ff0000
786,820,0.0,0000ff
787,788,1.0,ff0000
787,821,0.0,0000ff
788,789,1.0,ff0000
788,822,0.0,0000ff
789,790,0.81433,ff5f00
789,823,0.068832,23ff00
790,791,0.764126,ff7800
790,824,0.246446,7eff00
791,792,0.723168,ff8d00
791,825,0.358411,b7ff00
792,793,0.625161,ffbf00
792,826,0.0,0000ff
793,794,0.470886,f0ff00
793,827,0.307102,9dff00
794,795,0.621248,ffc100
794,828,0.151394,4dff00
795,796,0.587396,ffd200
795,829,0.540982,ffea00
796,797,0.596866,ffce00
796,830,0.022944,0cff00
797,798,0.600465,ffcc00
797,831,0.0,0000ff
798,799,0.069264,23ff00
798,832,0.112988,3aff00
799,800,0.208224,6aff00
799,833,0.034848,12ff00
800,801,0.208224,6aff00
800,834,0.0,0000ff
801,802,0.181994,5dff00
801,835,0.0,0000ff
802,803,0.127836,41ff00
802,836,0.0,0000ff
803,804,0.118176,3cff00
803,837,0.0,0000ff
804,805,0.131808,43ff00
804,838,0.0,0000ff
805,806,0.129216,42ff00
805,839,0.04632,18ff00
806,807,0.129216,42ff00
806,840,0.0,0000ff
807,808,0.126624,41ff00
807,841,0.025104,0dff00
808,809,0.126624,41ff00
808,842,0.0,0000ff
809,810,0.126624,41ff00
809,843,0.0,0000ff
810,811,0.109095,38ff00
810,844,0.0,0000ff
811,812,0.0,0000ff
811,845,0.0,0000ff
812,813,1.0,ff0000
812,846,0.0,0000ff
813,814,1.0,ff0000
813,847,0.0,0000ff
814,815,1.0,ff0000
814,848,0.0,0000ff
815,782,1.0,ff0000
815,849,0.0,0000ff
816,817,1.0,ff0000
816,850,0.0,0000ff
817,818,1.0,ff0000
817,851,0.0,0000ff
818,819,1.0,ff0000
818,852,0.0,0000ff
819,820,1.0,ff0000
819,853,0.0,0000ff
820,821,0.955199,ff1700
820,854,0.046752,18ff00
821,822,0.488332,f9ff00
821,855,0.520999,fff400
822,823,0.175296,59ff00
822,856,0.278176,8eff00
823,824,0.0372,13ff00
823,857,0.206928,6aff00
824,825,0.082224,2aff00
824,858,0.177088,5aff00
825,826,0.069264,23ff00
825,859,0.299892,99ff00
826,827,0.273592,8cff00
826,860,0.093504,30ff00
827,828,0.0,0000ff
827,861,0.27576,8dff00
828,829,0.04632,18ff00
828,862,0.097025,31ff00
829,830,0.04632,18ff00
829,863,0.579129,ffd700
830,831,0.04632,18ff00
830,864,0.022944,0cff00
831,832,0.04632,18ff00
831,865,0.0,0000ff
832,833,0.04632,18ff00
832,866,0.103248,35ff00
833,834,0.04632,18ff00
833,867,0.034848,12ff00
834,835,0.04632,18ff00
834,868,0.0,0000ff
835,836,0.04632,18ff00
835,869,0.0,0000ff
836,837,0.04632,18ff00
836,870,0.0,0000ff
837,838,0.04632,18ff00
837,871,0.0,0000ff
838,839,0.04632,18ff00
838,872,0.0,0000ff
839,840,0.0,0000ff
839,873,0.0,0000ff
840,841,0.0,0000ff
840,874,0.0,0000ff
841,842,0.0,0000ff
841,875,0.025104,0dff00
842,843,0.0,0000ff
842,876,0.0,0000ff
843,844,0.0,0000ff
843,877,0.0,0000ff
844,845,0.0,0000ff
844,878,0.0,0000ff
845,846,0.0,0000ff
845,879,0.0,0000ff
846,847,1.0,ff0000
846,880,0.312164,9fff00
847,848,1.0,ff0000
847,881,0.0,0000ff
848,849,1.0,ff0000
848,882,0.0,0000ff
849,816,1.0,ff0000
849,883,0.0,0000ff
850,851,0.294534,96ff00
850,884,0.0,0000ff
851,852,0.29688,97ff00
851,885,0.0,0000ff
852,853,0.273357,8bff00
852,886,0.0,0000ff
853,854,0.3068,9cff00
853,887,0.0,0000ff
854,855,0.318448,a2ff00
854,888,0.046752,18ff00
855,856,0.328016,a7ff00
855,889,0.55152,ffe500
856,857,0.30464,9bff00
856,890,0.358784,b7ff00
857,858,0.370992,bdff00
857,891,0.152048,4eff00
858,859,0.104544,35ff00
858,892,0.323376,a5ff00
859,860,0.117578,3cff00
859,893,0.509152,fffa00
860,861,0.0,0000ff
860,894,0.056091,1dff00
861,862,0.0,0000ff
861,895,0.11472,3bff00
862,863,0.0,0000ff
862,896,0.069264,23ff00
863,864,0.0,0000ff
863,897,0.62157,ffc100
864,865,0.0,0000ff
864,898,0.022944,0cff00
865,866,0.0,0000ff
865,899,0.0,0000ff
866,867,0.0,0000ff
866,900,0.091776,2fff00
867,868,0.0,0000ff
867,901,0.034848,12ff00
868,869,0.0,0000ff
868,902,0.0,0000ff
869,870,0.0,0000ff
869,903,0.0,0000ff
870,871,0.0,0000ff
870,904,0.0,0000ff
871,872,0.0,0000ff
871,905,0.0,0000ff
872,873,0.0,0000ff
872,906,0.0,0000ff
873,874,0.0,0000ff
873,907,0.0,0000ff
874,875,0.0,0000ff
874,908,0.0,0000ff
875,876,0.000864,00ff00
875,909,0.023808,0cff00
876,877,0.000864,00ff00
876,910,0.0,0000ff
877,878,0.000864,00ff00
877,911,0.0,0000ff
878,879,0.000432,00ff00
878,912,0.0,0000ff
879,880,0.0,0000ff
879,913,0.0,0000ff
880,881,0.324928,a6ff00
880,914,0.314688,a0ff00
881,882,0.337503,acff00
881,915,0.0,0000ff
882,883,0.31888,a3ff00
882,916,0.0,0000ff
883,850,0.264263,87ff00
883,917,0.0,0000ff
884,885,0.977056,ff0c00
884,918,0.0,0000ff
885,886,1.0,ff0000
885,919,0.0,0000ff
886,887,1.0,ff0000
886,920,0.0,0000ff
887,888,1.0,ff0000
887,921,0.0,0000ff
888,889,0.749041,ff8000
888,922,0.155765,4fff00
889,890,0.27941,8eff00
889,923,1.0,ff0000
890,891,0.179757,5cff00
890,924,0.346384,b1ff00
891,892,0.20469,68ff00
891,925,0.1789,5bff00
892,893,0.0,0000ff
892,926,0.597711,ffcd00
893,894,0.0,0000ff
893,927,0.763706,ff7900
894,895,0.0,0000ff
894,928,0.105272,36ff00
895,896,0.0,0000ff
895,929,0.195024,63ff00
896,897,0.0,0000ff
896,930,0.069264,23ff00
897,898,0.0,0000ff
897,931,0.594988,ffcf00
898,899,0.0,0000ff
898,932,0.025927,0dff00
899,900,0.0,0000ff
899,933,0.0,0000ff
900,901,0.0,0000ff
900,934,0.091776,2fff00
901,902,0.0,0000ff
901,935,0.034848,12ff00
902,903,0.0,0000ff
902,936,0.0,0000ff
903,904,0.0,0000ff
903,937,0.0,0000ff
904,905,0.0,0000ff
904,938,0.0,0000ff
905,906,0.0,0000ff
905,939,0.0,0000ff
906,907,0.0,0000ff
906,940,0.0,0000ff
907,908,0.0,0000ff
907,941,0.0,0000ff
908,909,0.0,0000ff
908,942,0.0,0000ff
909,910,0.023808,0cff00
909,943,0.0,0000ff
910,911,0.023808,0cff00
910,944,0.0,0000ff
911,912,0.046528,18ff00
911,945,0.0,0000ff
912,913,0.04632,18ff00
912,946,0.0,0000ff
913,914,0.0,0000ff
913,947,0.0,0000ff
914,915,0.959679,ff1500
914,948,0.415781,d4ff00
915,916,0.959679,ff1500
915,949,0.0,0000ff
916,917,0.959679,ff1500
916,950,0.0,0000ff
917,884,0.959679,ff1500
917,951,0.0,0000ff
918,919,0.539085,ffeb00
918,952,0.0,0000ff
919,920,0.545934,ffe800
919,953,0.0,0000ff
920,921,0.577619,ffd700
920,954,0.0,0000ff
921,922,0.596474,ffce00
921,955,0.0,0000ff
922,923,0.616689,ffc300
922,956,0.119829,3dff00
923,924,0.454305,e8ff00
923,957,0.808892,ff6100
924,925,0.955483,ff1700
924,958,0.436874,dfff00
925,926,0.653753,ffb100
925,959,0.224557,73ff00
926,927,0.0,0000ff
926,960,1.0,ff0000
927,928,0.0,0000ff
927,961,0.770681,ff7500
928,929,0.0,0000ff
928,962,0.150928,4dff00
929,930,0.0,0000ff
929,963,0.21896,70ff00
930,931,0.0,0000ff
930,964,0.092208,2fff00
931,932,0.0,0000ff
931,965,0.574032,ffd900
932,933,0.0,0000ff
932,966,0.045888,17ff00
933,934,0.0,0000ff
933,967,0.0,0000ff
934,935,0.0,0000ff
934,968,0.091776,2fff00
935,936,0.0,0000ff
935,969,0.034848,12ff00
936,937,0.0,0000ff
936,970,0.0,0000ff
937,938,0.0,0000ff
937,971,0.0,0000ff
938,939,0.0,0000ff
938,972,0.0,0000ff
939,940,0.0,0000ff
939,973,0.0,0000ff
940,941,0.0,0000ff
940,974,0.0,0000ff
941,942,0.0,0000ff
941,975,0.0,0000ff
942,943,0.0,0000ff
942,976,0.0,0000ff
943,944,0.0,0000ff
943,977,0.0,0000ff
944,945,0.0,0000ff
944,978,0.0,0000ff
945,946,0.0,0000ff
945,979,0.0,0000ff
946,947,0.0,0000ff
946,980,0.091776,2fff00
947,948,0.556891,ffe200
947,981,0.22248,71ff00
948,949,0.540992,ffea00
948,982,0.428176,daff00
949,950,0.540992,ffea00
949,983,0.0,0000ff
950,951,0.55187,ffe500
950,984,0.0,0000ff
951,918,0.539085,ffeb00
951,985,0.0,0000ff
952,953,1.0,ff0000
952,986,0.0,0000ff
953,954,1.0,ff0000
953,987,0.0,0000ff
954,955,1.0,ff0000
954,988,0.0,0000ff
955,956,1.0,ff0000
955,989,0.0,0000ff
956,957,1.0,ff0000
956,990,0.104112,35ff00
957,958,0.221488,71ff00
957,991,1.0,ff0000
958,959,0.46096,ebff00
958,992,0.590364,ffd100
959,960,0.17424,59ff00
959,993,0.335508,abff00
960,961,0.422279,d7ff00
960,994,0.816114,ff5e00
961,962,0.0,0000ff
961,995,0.906927,ff2f00
962,963,0.0,0000ff
962,996,0.150928,4dff00
963,964,0.0,0000ff
963,997,0.194567,63ff00
964,965,0.0,0000ff
964,998,0.092208,2fff00
965,966,0.0,0000ff
965,999,0.537358,ffec00
966,967,0.0,0000ff
966,1000,0.045888,17ff00
967,968,0.0,0000ff
967,1001,0.0,0000ff
968,969,0.0,0000ff
968,1002,0.091776,2fff00
969,970,0.0,0000ff
969,1003,0.034848,12ff00
970,971,0.0,0000ff
970,1004,0.0,0000ff
971,972,0.0,0000ff
971,1005,0.0,0000ff
972,973,0.0,0000ff
972,1006,0.0,0000ff
973,974,0.0,0000ff
973,1007,0.0,0000ff
974,975,0.0,0000ff
974,1008,0.0,0000ff
975,976,0.0,0000ff
975,1009,0.0,0000ff
976,977,0.0,0000ff
976,1010,0.0,0000ff
977,978,0.0,0000ff
977,1011,0.0,0000ff
978,979,0.0,0000ff
978,1012,0.0,0000ff
979,980,0.0,0000ff
979,1013,0.0,0000ff
980,981,0.011472,06ff00
980,1014,0.091776,2fff00
981,982,0.720148,ff8f00
981,1015,0.456672,e9ff00
982,983,1.0,ff0000
982,1016,0.428176,daff00
983,984,1.0,ff0000
983,1017,0.0,0000ff
984,985,1.0,ff0000
984,1018,0.0,0000ff
985,952,1.0,ff0000
985,1019,0.0,0000ff
986,987,1.0,ff0000
986,1020,0.0,0000ff
987,988,1.0,ff0000
987,1021,0.0,0000ff
988,989,1.0,ff0000
988,1022,0.0,0000ff
989,990,1.0,ff0000
989,1023,0.0,0000ff
990,991,0.619206,ffc200
990,1024,0.232464,77ff00
991,992,0.831353,ff5600
991,1025,0.769033,ff7600
992,993,0.588393,ffd200
992,1026,0.05096,1aff00
993,994,0.632047,ffbc00
993,1027,0.19632,64ff00
994,995,0.184289,5eff00
994,1028,1.0,ff0000
995,996,0.283856,91ff00
995,1029,0.803843,ff6400
996,997,0.425942,d9ff00
996,1030,0.001488,01ff00
997,998,0.091776,2fff00
997,1031,0.0,0000ff
998,999,0.200937,66ff00
998,1032,0.0,0000ff
999,1000,0.737654,ff8600
999,1033,0.0,0000ff
1000,1001,0.795014,ff6900
1000,1034,0.0,0000ff
1001,1002,0.795014,ff6900
1001,1035,0.0,0000ff
1002,1003,1.0,ff0000
1002,1036,0.0,0000ff
1003,1004,0.023808,0cff00
1003,1037,0.0,0000ff
1004,1005,0.023808,0cff00
1004,1038,0.0,0000ff
1005,1006,0.023808,0cff00
1005,1039,0.0,0000ff
1006,1007,0.023808,0cff00
1006,1040,0.0,0000ff
1007,1008,0.023808,0cff00
1007,1041,0.0,0000ff
1008,1009,0.023808,0cff00
1008,1042,0.0,0000ff
1009,1010,0.023808,0cff00
1009,1043,0.0,0000ff
1010,1011,0.023808,0cff00
1010,1044,0.0,0000ff
1011,1012,0.000432,00ff00
1011,1045,0.023808,0cff00
1012,1013,0.000432,00ff00
1012,1046,0.0,0000ff
1013,1014,0.0,0000ff
1013,1047,0.0,0000ff
1014,1015,0.058784,1eff00
1014,1048,0.091776,2fff00
1015,1016,0.978269,ff0b00
1015,1049,0.397805,cbff00
1016,1017,0.978269,ff0b00
1016,1050,0.462162,ecff00
1017,1018,1.0,ff0000
1017,1051,0.0,0000ff
1018,1019,1.0,ff0000
1018,1052,0.0,0000ff
1019,986,1.0,ff0000
1019,1053,0.0,0000ff
1020,1021,0.899502,ff3300
1020,1054,0.0,0000ff
1021,1022,0.89348,ff3600
1021,1055,0.0,0000ff
1022,1023,0.89348,ff3600
1022,1056,0.0,0000ff
1023,1024,0.89348,ff3600
1023,1057,0.0,0000ff
1024,1025,0.742806,ff8300
1024,1058,0.103248,35ff00
1025,1026,0.324322,a5ff00
1025,1059,0.169609,57ff00
1026,1027,0.511869,fff900
1026,1060,0.096031,31ff00
1027,1028,0.528832,fff000
1027,1061,0.0,0000ff
1028,1029,0.888202,ff3900
1028,1062,0.771151,ff7500
1029,1030,0.989669,ff0500
1029,1063,0.729715,ff8a00
1030,1031,0.989669,ff0500
1030,1064,0.022944,0cff00
1031,1032,1.0,ff0000
1031,1065,0.19669,64ff00
1032,1033,0.942032,ff1e00
1032,1066,0.023376,0cff00
1033,1034,0.950201,ff1900
1033,1067,0.0,0000ff
1034,1035,0.918516,ff2a00
1034,1068,0.0,0000ff
1035,1036,0.914688,ff2c00
1035,1069,0.0,0000ff
1036,1037,0.902224,ff3200
1036,1070,0.0,0000ff
1037,1038,0.345888,b0ff00
1037,1071,0.0,0000ff
1038,1039,0.354128,b5ff00
1038,1072,0.0,0000ff
1039,1040,0.334416,abff00
1039,1073,0.0,0000ff
1040,1041,0.338174,acff00
1040,1074,0.0,0000ff
1041,1042,0.25368,81ff00
1041,1075,0.115584,3bff00
1042,1043,0.151984,4eff00
1042,1076,0.112776,3aff00
1043,1044,0.114669,3aff00
1043,1077,0.0,0000ff
1044,1045,0.104112,35ff00
1044,1078,0.0,0000ff
1045,1046,0.0132,07ff00
1045,1079,0.091801,2fff00
1046,1047,0.0132,07ff00
1046,1080,0.0,0000ff
1047,1048,0.0132,07ff00
1047,1081,0.0,0000ff
1048,1049,0.161904,53ff00
1048,1082,0.09264,2fff00
1049,1050,1.0,ff0000
1049,1083,0.591772,ffd000
1050,1051,1.0,ff0000
1050,1084,0.494981,fcff00
1051,1052,0.958797,ff1500
1051,1085,0.0,0000ff
1052,1053,0.918616,ff2a00
1052,1086,0.0,0000ff
1053,1020,0.918616,ff2a00
1053,1087,0.0,0000ff
1054,1055,0.949326,ff1a00
1054,1088,0.0,0000ff
1055,1056,0.93882,ff1f00
1055,1089,0.0,0000ff
1056,1057,0.932546,ff2200
1056,1090,0.0,0000ff
1057,1058,0.241344,7bff00
1057,1091,0.000864,00ff00
1058,1059,0.573425,ffda00
1058,1092,0.05984,1fff00
1059,1060,0.593644,ffcf00
1059,1093,0.197808,65ff00
1060,1061,0.673252,ffa700
1060,1094,0.0,0000ff
1061,1062,0.786143,ff6d00
1061,1095,0.0,0000ff
1062,1063,0.577849,ffd700
1062,1096,1.0,ff0000
1063,1064,0.965229,ff1200
1063,1097,0.429951,dbff00
1064,1065,0.395728,caff00
1064,1098,0.0,0000ff
1065,1066,0.0,0000ff
1065,1099,0.10368,35ff00
1066,1067,0.02424,0cff00
1066,1100,0.022944,0cff00
1067,1068,0.02424,0cff00
1067,1101,0.0,0000ff
1068,1069,0.02424,0cff00
1068,1102,0.0,0000ff
1069,1070,0.02424,0cff00
1069,1103,0.0,0000ff
1070,1071,0.02424,0cff00
1070,1104,0.0,0000ff
1071,1072,0.02424,0cff00
1071,1105,0.0,0000ff
1072,1073,0.02424,0cff00
1072,1106,0.0,0000ff
1073,1074,0.02424,0cff00
1073,1107,0.0,0000ff
1074,1075,0.02424,0cff00
1074,1108,0.0,0000ff
1075,1076,0.02424,0cff00
1075,1109,0.104112,35ff00
1076,1077,0.031067,10ff00
1076,1110,0.092208,2fff00
1077,1078,0.03528,12ff00
1077,1111,0.0,0000ff
1078,1079,0.03528,12ff00
1078,1112,0.0,0000ff
1079,1080,0.0,0000ff
1079,1113,0.116016,3bff00
1080,1081,0.0,0000ff
1080,1114,0.0,0000ff
1081,1082,0.185712,5fff00
1081,1115,0.0,0000ff
1082,1083,0.49966,ffff00
1082,1116,0.877252,ff3f00
1083,1084,0.881651,ff3c00
1083,1117,0.205679,69ff00
1084,1085,0.96133,ff1400
1084,1118,0.068832,23ff00
1085,1086,0.96133,ff1400
1085,1119,0.0,0000ff
1086,1087,0.930073,ff2400
1086,1120,0.0,0000ff
1087,1054,0.923116,ff2700
1087,1121,0.0,0000ff
1088,1089,0.654082,ffb000
1088,1122,0.0,0000ff
1089,1090,0.656095,ffaf00
1089,1123,0.0,0000ff
1090,1091,0.676635,ffa500
1090,1124,0.0,0000ff
1091,1092,0.236992,79ff00
1091,1125,0.0,0000ff
1092,1093,0.494897,fcff00
1092,1126,0.0,0000ff
1093,1094,0.533193,ffee00
1093,1127,0.05736,1dff00
1094,1095,0.784155,ff6e00
1094,1128,0.093072,2fff00
1095,1096,0.526103,fff200
1095,1129,0.164496,54ff00
1096,1097,0.655016,ffb000
1096,1130,1.0,ff0000
1097,1098,0.744968,ff8200
1097,1131,0.387148,c5ff00
1098,1099,0.424437,d8ff00
1098,1132,0.0,0000ff
1099,1100,0.045888,17ff00
1099,1133,0.268264,89ff00
1100,1101,0.149568,4cff00
1100,1134,0.104544,35ff00
1101,1102,0.119353,3dff00
1101,1135,0.0,0000ff
1102,1103,0.115648,3bff00
1102,1136,0.0,0000ff
1103,1104,0.081728,2aff00
1103,1137,0.0,0000ff
1104,1105,0.081728,2aff00
1104,1138,0.0,0000ff
1105,1106,0.0932,30ff00
1105,1139,0.0,0000ff
1106,1107,0.127616,41ff00
1106,1140,0.0,0000ff
1107,1108,0.127616,41ff00
1107,1141,0.0,0000ff
1108,1109,0.127616,41ff00
1108,1142,0.0,0000ff
1109,1110,0.127184,41ff00
1109,1143,0.104112,35ff00
1110,1111,0.011904,06ff00
1110,1144,0.174435,59ff00
1111,1112,0.011904,06ff00
1111,1145,0.0,0000ff
1112,1113,0.011904,06ff00
1112,1146,0.0,0000ff
1113,1114,0.081168,29ff00
1113,1147,0.04632,18ff00
1114,1115,0.0,0000ff
1114,1148,0.0,0000ff
1115,1116,0.233456,77ff00
1115,1149,0.219824,70ff00
1116,1117,0.5756,ffd800
1116,1150,0.517968,fff600
1117,1118,0.711596,ff9300
1117,1151,0.069264,23ff00
1118,1119,0.711596,ff9300
1118,1152,0.027764,0eff00
1119,1120,0.711596,ff9300
1119,1153,0.0,0000ff
1120,1121,0.674564,ffa600
1120,1154,0.0,0000ff
1121,1088,0.647114,ffb400
1121,1155,0.0,0000ff
1122,1123,0.75577,ff7d00
1122,0,0.0,0000ff
1123,1124,0.753602,ff7e00
1123,1,0.0,0000ff
1124,1125,0.522315,fff400
1124,2,0.0,0000ff
1125,1126,0.259808,85ff00
1125,3,0.138528,47ff00
1126,1127,0.698889,ff9a00
1126,4,0.20811,6aff00
1127,1128,1.0,ff0000
1127,5,0.15,4dff00
1128,1129,0.861408,ff4700
1128,6,0.137835,46ff00
1129,1130,0.779376,ff7100
1129,7,0.281872,90ff00
1130,1131,0.780537,ff7000
1130,8,1.0,ff0000
1131,1132,0.555443,ffe300
1131,9,0.091776,2fff00
1132,1133,0.606666,ffc900
1132,10,0.163456,53ff00
1133,1134,0.0,0000ff
1133,11,0.265024,87ff00
1134,1135,0.024432,0cff00
1134,12,0.10025,33ff00
1135,1136,0.024432,0cff00
1135,13,0.0,0000ff
1136,1137,0.024432,0cff00
1136,14,0.0,0000ff
1137,1138,0.024432,0cff00
1137,15,0.0,0000ff
1138,1139,0.024432,0cff00
1138,16,0.0,0000ff
1139,1140,0.024432,0cff00
1139,17,0.0,0000ff
1140,1141,0.024432,0cff00
1140,18,0.0,0000ff
1141,1142,0.024432,0cff00
1141,19,0.0,0000ff
1142,1143,0.024432,0cff00
1142,20,0.0,0000ff
1143,1144,0.024432,0cff00
1143,21,0.104112,35ff00
1144,1145,0.024432,0cff00
1144,22,0.151415,4dff00
1145,1146,0.024432,0cff00
1145,23,0.0,0000ff
1146,1147,0.024432,0cff00
1146,24,0.0,0000ff
1147,1148,0.187821,60ff00
1147,25,0.244864,7dff00
1148,1149,0.16537,54ff00
1148,26,0.0,0000ff
1149,1150,0.395856,caff00
1149,27,0.0,0000ff
1150,1151,0.826877,ff5800
1150,28,0.11472,3bff00
1151,1152,0.833863,ff5500
1151,29,0.045888,17ff00
1152,1153,0.804007,ff6400
1152,30,0.0,0000ff
1153,1154,0.766273,ff7700
1153,31,0.0,0000ff
1154,1155,0.766273,ff7700
1154,32,0.0,0000ff
1155,1122,0.766273,ff7700
1155,33,0.0,0000ff
