0,1,0.04719,18ff00
0,34,0.0,0000ff
1,2,0.060471,1fff00
1,35,0.0,0000ff
2,3,0.074608,26ff00
2,36,0.0,0000ff
3,4,0.131113,43ff00
3,37,0.014844,08ff00
4,5,0.150172,4dff00
4,38,0.061134,1fff00
5,6,0.114915,3bff00
5,39,0.172266,58ff00
6,7,0.101493,34ff00
6,40,0.099085,33ff00
7,8,0.059114,1eff00
7,41,0.142101,48ff00
8,9,0.152065,4eff00
8,42,0.162171,53ff00
9,10,0.145798,4aff00
9,43,0.0,0000ff
10,11,0.054716,1cff00
10,44,0.151576,4dff00
11,12,0.042148,15ff00
11,45,0.100064,33ff00
12,13,0.089937,2eff00
12,46,0.055086,1cff00
13,14,0.092389,2fff00
13,47,0.0,0000ff
14,15,0.091808,2fff00
14,48,0.0,0000ff
15,16,0.091648,2fff00
15,49,0.0,0000ff
16,17,0.09335,30ff00
16,50,0.0,0000ff
17,18,0.0902,2eff00
17,51,0.0,0000ff
18,19,0.090034,2eff00
18,52,0.0,0000ff
19,20,0.082036,2aff00
19,53,0.0,0000ff
20,21,0.090874,2eff00
20,54,0.0,0000ff
21,22,0.017808,09ff00
21,55,0.022458,0bff00
22,23,0.07097,24ff00
22,56,0.049669,19ff00
23,24,0.071189,24ff00
23,57,0.0,0000ff
24,25,0.06714,22ff00
24,58,0.028562,0fff00
25,26,0.022665,0cff00
25,59,0.0,0000ff
26,27,0.037438,13ff00
26,60,0.075982,27ff00
27,28,0.030899,10ff00
27,61,0.0,0000ff
28,29,0.026425,0dff00
28,62,0.014798,08ff00
29,30,0.011838,06ff00
29,63,0.03195,10ff00
30,31,0.014265,07ff00
30,64,0.0,0000ff
31,32,0.02306,0cff00
31,65,0.0,0000ff
32,33,0.027917,0eff00
32,66,0.0,0000ff
33,0,0.03285,11ff00
33,67,0.0,0000ff
34,35,0.008428,04ff00
34,68,0.0,0000ff
35,36,0.075379,26ff00
35,69,0.0,0000ff
36,37,0.062029,20ff00
36,70,0.0,0000ff
37,38,0.046186,18ff00
37,71,0.0,0000ff
38,39,0.032097,10ff00
38,72,0.056951,1dff00
39,40,0.0,0000ff
39,73,0.204887,68ff00
40,41,0.0,0000ff
40,74,0.098794,32ff00
41,42,0.0,0000ff
41,75,0.144725,4aff00
42,43,0.051196,1aff00
42,76,0.036866,13ff00
43,44,0.096062,31ff00
43,77,0.070899,24ff00
44,45,0.139591,47ff00
44,78,0.18478,5eff00
45,46,0.15016,4dff00
45,79,0.089378,2eff00
46,47,0.153774,4eff00
46,80,0.044259,17ff00
47,48,0.162393,53ff00
47,81,0.0,0000ff
48,49,0.170141,57ff00
48,82,0.0,0000ff
49,50,0.172166,58ff00
49,83,0.0,0000ff
50,51,0.161456,52ff00
50,84,0.0,0000ff
51,52,0.156845,50ff00
51,85,0.0,0000ff
52,53,0.166076,55ff00
52,86,0.0,0000ff
53,54,0.17199,58ff00
53,87,0.0,0000ff
54,55,0.011035,06ff00
54,88,0.0,0000ff
55,56,0.166621,55ff00
55,89,0.085771,2cff00
56,57,0.127746,41ff00
56,90,0.048306,19ff00
57,58,0.127566,41ff00
57,91,0.0,0000ff
58,59,0.094049,30ff00
58,92,0.0,0000ff
59,60,0.0,0000ff
59,93,0.094053,30ff00
60,61,0.0,0000ff
60,94,0.077148,27ff00
61,62,0.0,0000ff
61,95,0.0,0000ff
62,63,0.00826,04ff00
62,96,0.013295,07ff00
63,64,0.00826,04ff00
63,97,0.03195,10ff00
64,65,0.00826,04ff00
64,98,0.0,0000ff
65,66,0.00826,04ff00
65,99,0.0,0000ff
66,67,0.008291,04ff00
66,100,0.0,0000ff
67,34,0.008428,04ff00
67,101,0.0,0000ff
68,69,0.0,0000ff
68,102,0.0,0000ff
69,70,0.068796,23ff00
69,103,0.0,0000ff
70,71,0.068627,23ff00
70,104,0.0,0000ff
71,72,0.067565,22ff00
71,105,0.0,0000ff
72,73,0.068761,23ff00
72,106,0.060049,1fff00
73,74,0.04726,18ff00
73,107,0.230646,76ff00
74,75,0.034737,12ff00
74,108,0.127778,41ff00
75,76,0.020311,0aff00
75,109,0.020301,0aff00
76,77,0.010017,05ff00
76,110,0.0379,13ff00
77,78,0.022904,0cff00
77,111,0.062348,20ff00
78,79,0.089893,2eff00
78,112,0.117139,3cff00
79,80,0.108954,38ff00
79,113,0.046879,18ff00
80,81,0.142441,49ff00
80,114,0.027362,0eff00
81,82,0.144631,4aff00
81,115,0.0,0000ff
82,83,0.15111,4dff00
82,116,0.0,0000ff
83,84,0.144029,49ff00
83,117,0.0,0000ff
84,85,0.14123,48ff00
84,118,0.0,0000ff
85,86,0.137628,46ff00
85,119,0.0,0000ff
86,87,0.135528,45ff00
86,120,0.0,0000ff
87,88,0.13502,45ff00
87,121,0.0,0000ff
88,89,0.135165,45ff00
88,122,0.011321,06ff00
89,90,0.02378,0cff00
89,123,0.030166,0fff00
90,91,0.043374,16ff00
90,124,0.0,0000ff
91,92,0.043321,16ff00
91,125,0.0,0000ff
92,93,0.043179,16ff00
92,126,0.0,0000ff
93,94,0.052738,1bff00
93,127,0.084995,2bff00
94,95,0.075573,27ff00
94,128,0.064881,21ff00
95,96,0.07562,27ff00
95,129,0.0,0000ff
96,97,0.086372,2cff00
96,130,0.008355,04ff00
97,98,0.118231,3cff00
97,131,4e-06,00ff00
98,99,0.118084,3cff00
98,132,0.0,0000ff
99,100,0.128886,42ff00
99,133,0.00749,04ff00
100,101,0.135397,45ff00
100,134,0.0,0000ff
101,68,0.11667,3cff00
101,135,0.0,0000ff
102,103,0.0,0000ff
102,136,0.0,0000ff
103,104,0.0,0000ff
103,137,0.0,0000ff
104,105,0.0,0000ff
104,138,0.0,0000ff
105,106,0.0,0000ff
105,139,0.0,0000ff
106,107,0.0,0000ff
106,140,0.059568,1eff00
107,108,0.0,0000ff
107,141,0.255533,82ff00
108,109,0.0,0000ff
108,142,0.109932,38ff00
109,110,0.16032,52ff00
109,143,0.020249,0aff00
110,111,0.13928,47ff00
110,144,0.163389,53ff00
111,112,0.148107,4cff00
111,145,0.052766,1bff00
112,113,0.225739,73ff00
112,146,0.034556,12ff00
113,114,0.242313,7cff00
113,147,0.034314,12ff00
114,115,0.266583,88ff00
114,148,0.0,0000ff
115,116,0.277497,8eff00
115,149,0.0,0000ff
116,117,0.312,9fff00
116,150,0.0,0000ff
117,118,0.30502,9cff00
117,151,0.0,0000ff
118,119,0.295705,97ff00
118,152,0.0,0000ff
119,120,0.294784,96ff00
119,153,0.0,0000ff
120,121,0.27096,8aff00
120,154,0.0,0000ff
121,122,0.278358,8eff00
121,155,0.0,0000ff
122,123,0.178894,5bff00
122,156,0.006421,03ff00
123,124,0.126546,41ff00
123,157,0.056748,1dff00
124,125,0.119615,3dff00
124,158,0.063569,20ff00
125,126,0.121093,3eff00
125,159,0.0,0000ff
126,127,0.132815,44ff00
126,160,0.0,0000ff
127,128,0.0,0000ff
127,161,0.192827,62ff00
128,129,0.0,0000ff
128,162,0.06489,21ff00
129,130,0.0,0000ff
129,163,0.0,0000ff
130,131,0.0,0000ff
130,164,0.008355,04ff00
131,132,0.0,0000ff
131,165,4e-06,00ff00
132,133,0.0,0000ff
132,166,0.0,0000ff
133,134,0.0,0000ff
133,167,0.008365,04ff00
134,135,0.0,0000ff
134,168,0.0,0000ff
135,102,0.0,0000ff
135,169,0.0,0000ff
136,137,0.115407,3bff00
136,170,0.0,0000ff
137,138,0.115381,3bff00
137,171,0.0,0000ff
138,139,0.115391,3bff00
138,172,0.0,0000ff
139,140,0.11524,3bff00
139,173,0.0,0000ff
140,141,0.077104,27ff00
140,174,0.021274,0bff00
141,142,0.015656,08ff00
141,175,0.078887,28ff00
142,143,0.026075,0dff00
142,176,0.035645,12ff00
143,144,0.062158,20ff00
143,177,0.0,0000ff
144,145,0.113888,3aff00
144,178,0.089954,2eff00
145,146,0.147322,4bff00
145,179,0.027852,0eff00
146,147,0.14034,48ff00
146,180,0.034556,12ff00
147,148,0.155437,4fff00
147,181,0.002777,01ff00
148,149,0.14983,4cff00
148,182,0.0,0000ff
149,150,0.127771,41ff00
149,183,0.0,0000ff
150,151,0.065799,22ff00
150,184,0.0,0000ff
151,152,0.074015,26ff00
151,185,0.0,0000ff
152,153,0.093081,2fff00
152,186,0.0,0000ff
153,154,0.091181,2fff00
153,187,0.0,0000ff
154,155,0.089863,2eff00
154,188,0.0,0000ff
155,156,0.087836,2dff00
155,189,0.0,0000ff
156,157,0.083371,2bff00
156,190,0.020397,0aff00
157,158,0.138904,47ff00
157,191,0.103222,35ff00
158,159,0.026122,0dff00
158,192,0.0,0000ff
159,160,0.060797,1fff00
159,193,0.0,0000ff
160,161,0.06102,1fff00
160,194,0.0,0000ff
161,162,0.0,0000ff
161,195,0.249119,7fff00
162,163,0.0,0000ff
162,196,0.064227,21ff00
163,164,0.0,0000ff
163,197,0.0,0000ff
164,165,0.0,0000ff
164,198,0.008355,04ff00
165,166,0.0,0000ff
165,199,4e-06,00ff00
166,167,0.0,0000ff
166,200,0.0,0000ff
167,168,0.115478,3bff00
167,201,0.0,0000ff
168,169,0.115271,3bff00
168,202,0.0,0000ff
169,136,0.115327,3bff00
169,203,0.0,0000ff
170,171,0.219417,70ff00
170,204,0.0,0000ff
171,172,0.244194,7dff00
171,205,0.0,0000ff
172,173,0.26209,86ff00
172,206,0.0,0000ff
173,174,0.264902,87ff00
173,207,0.0,0000ff
174,175,0.224728,73ff00
174,208,0.024842,0dff00
175,176,0.082936,2aff00
175,209,0.086962,2cff00
176,177,0.029883,0fff00
176,210,0.044376,17ff00
177,178,0.056076,1dff00
177,211,0.0,0000ff
178,179,0.114399,3aff00
178,212,0.052931,1bff00
179,180,0.114328,3aff00
179,213,0.0,0000ff
180,181,0.146897,4bff00
180,214,0.0,0000ff
181,182,0.150117,4dff00
181,215,0.0,0000ff
182,183,0.160537,52ff00
182,216,0.0,0000ff
183,184,0.111217,39ff00
183,217,0.0,0000ff
184,185,0.187277,60ff00
184,218,0.0,0000ff
185,186,0.180409,5cff00
185,219,0.0,0000ff
186,187,0.16737,55ff00
186,220,0.0,0000ff
187,188,0.157715,50ff00
187,221,0.0,0000ff
188,189,0.172672,58ff00
188,222,0.0,0000ff
189,190,0.17359,59ff00
189,223,0.0,0000ff
190,191,0.165654,54ff00
190,224,0.0,0000ff
191,192,0.016902,09ff00
191,225,0.0,0000ff
192,193,0.050931,1aff00
192,226,0.0,0000ff
193,194,0.051763,1aff00
193,227,0.0,0000ff
194,195,0.045453,17ff00
194,228,0.0,0000ff
195,196,0.100429,33ff00
195,229,0.197518,65ff00
196,197,0.139566,47ff00
196,230,0.018223,09ff00
197,198,0.131732,43ff00
197,231,0.0,0000ff
198,199,0.167113,55ff00
198,232,0.048808,19ff00
199,200,0.170356,57ff00
199,233,0.0,0000ff
200,201,0.183177,5dff00
200,234,0.0,0000ff
201,202,0.227916,74ff00
201,235,0.013916,07ff00
202,203,0.221473,71ff00
202,236,0.0,0000ff
203,170,0.216553,6eff00
203,237,0.0,0000ff
204,205,0.334155,aaff00
204,238,0.0,0000ff
205,206,0.351829,b3ff00
205,239,0.0,0000ff
206,207,0.37044,bdff00
206,240,0.0,0000ff
207,208,0.376108,c0ff00
207,241,0.0,0000ff
208,209,0.234842,78ff00
208,242,0.044759,17ff00
209,210,0.164472,54ff00
209,243,0.050603,1aff00
210,211,0.069595,23ff00
210,244,0.02854,0fff00
211,212,0.069482,23ff00
211,245,0.0,0000ff
212,213,0.096119,31ff00
212,246,0.0,0000ff
213,214,0.09346,30ff00
213,247,0.0,0000ff
214,215,0.086678,2cff00
214,248,0.0,0000ff
215,216,0.072223,25ff00
215,249,0.0,0000ff
216,217,0.073141,25ff00
216,250,0.0,0000ff
217,218,0.056233,1dff00
217,251,0.0,0000ff
218,219,0.067208,22ff00
218,252,0.0,0000ff
219,220,0.082102,2aff00
219,253,0.0,0000ff
220,221,0.075408,26ff00
220,254,0.0,0000ff
221,222,0.075287,26ff00
221,255,0.0,0000ff
222,223,0.082189,2aff00
222,256,0.0,0000ff
223,224,0.092501,2fff00
223,257,0.0,0000ff
224,225,0.092322,2fff00
224,258,0.0,0000ff
225,226,0.0,0000ff
225,259,0.0,0000ff
226,227,0.089562,2eff00
226,260,0.0,0000ff
227,228,0.088617,2dff00
227,261,0.0,0000ff
228,229,0.083512,2bff00
228,262,0.0,0000ff
229,230,0.192849,62ff00
229,263,0.082728,2aff00
230,231,0.177493,5bff00
230,264,0.007139,04ff00
231,232,0.196606,64ff00
231,265,0.0,0000ff
232,233,0.212348,6cff00
232,266,0.047523,18ff00
233,234,0.115855,3bff00
233,267,0.0,0000ff
234,235,0.320104,a3ff00
234,268,0.005136,03ff00
235,236,0.337589,acff00
235,269,0.0,0000ff
236,237,0.334142,aaff00
236,270,0.0,0000ff
237,204,0.248355,7fff00
237,271,0.0,0000ff
238,239,0.038962,14ff00
238,272,0.0,0000ff
239,240,0.038159,13ff00
239,273,0.0,0000ff
240,241,0.038159,13ff00
240,274,0.0,0000ff
241,242,0.037656,13ff00
241,275,0.0,0000ff
242,243,0.016541,08ff00
242,276,0.0,0000ff
243,244,0.0,0000ff
243,277,0.0,0000ff
244,245,0.0,0000ff
244,278,0.044143,17ff00
245,246,0.0,0000ff
245,279,0.0,0000ff
246,247,0.0,0000ff
246,280,0.0,0000ff
247,248,0.0,0000ff
247,281,0.0,0000ff
248,249,0.0,0000ff
248,282,0.0,0000ff
249,250,0.0,0000ff
249,283,0.0,0000ff
250,251,0.0,0000ff
250,284,0.0,0000ff
251,252,0.0,0000ff
251,285,0.0,0000ff
252,253,0.0,0000ff
252,286,0.0,0000ff
253,254,0.0,0000ff
253,287,0.0,0000ff
254,255,0.0,0000ff
254,288,0.0,0000ff
255,256,0.0,0000ff
255,289,0.0,0000ff
256,257,0.0,0000ff
256,290,0.0,0000ff
257,258,0.0,0000ff
257,291,0.0,0000ff
258,259,0.0,0000ff
258,292,0.0,0000ff
259,260,0.0,0000ff
259,293,0.0,0000ff
260,261,0.0,0000ff
260,294,0.0,0000ff
261,262,0.0,0000ff
261,295,0.0,0000ff
262,263,0.0,0000ff
262,296,0.0,0000ff
263,264,0.0,0000ff
263,297,0.077751,28ff00
264,265,0.0,0000ff
264,298,0.007139,04ff00
265,266,0.0,0000ff
265,299,0.0,0000ff
266,267,0.040531,15ff00
266,300,0.07967,29ff00
267,268,0.039591,14ff00
267,301,0.003693,02ff00
268,269,0.039613,14ff00
268,302,0.005136,03ff00
269,270,0.041606,15ff00
269,303,0.0,0000ff
270,271,0.038665,14ff00
270,304,0.0,0000ff
271,238,0.038611,14ff00
271,305,0.0,0000ff
272,273,0.033339,11ff00
272,306,0.0,0000ff
273,274,0.033339,11ff00
273,307,0.0,0000ff
274,275,0.033339,11ff00
274,308,0.0,0000ff
275,276,0.03906,14ff00
275,309,0.0,0000ff
276,277,0.046628,18ff00
276,310,0.0,0000ff
277,278,0.044091,16ff00
277,311,0.0,0000ff
278,279,0.0,0000ff
278,312,0.0,0000ff
279,280,0.0,0000ff
279,313,0.0,0000ff
280,281,0.0,0000ff
280,314,0.0,0000ff
281,282,0.0,0000ff
281,315,0.0,0000ff
282,283,0.0,0000ff
282,316,0.0,0000ff
283,284,0.0,0000ff
283,317,0.0,0000ff
284,285,0.0,0000ff
284,318,0.0,0000ff
285,286,0.0,0000ff
285,319,0.0,0000ff
286,287,0.0,0000ff
286,320,0.0,0000ff
287,288,0.0,0000ff
287,321,0.0,0000ff
288,289,0.0,0000ff
288,322,0.0,0000ff
289,290,0.0,0000ff
289,323,0.0,0000ff
290,291,0.0,0000ff
290,324,0.0,0000ff
291,292,0.0,0000ff
291,325,0.0,0000ff
292,293,0.0,0000ff
292,326,0.0,0000ff
293,294,0.0,0000ff
293,327,0.0,0000ff
294,295,0.0,0000ff
294,328,0.0,0000ff
295,296,0.0,0000ff
295,329,0.0,0000ff
296,297,0.0,0000ff
296,330,0.0,0000ff
297,298,0.0,0000ff
297,331,0.077747,28ff00
298,299,0.0,0000ff
298,332,0.007139,04ff00
299,300,0.0,0000ff
299,333,0.0,0000ff
300,301,0.036131,12ff00
300,334,0.008147,04ff00
301,302,0.036131,12ff00
301,335,0.003693,02ff00
302,303,0.035207,12ff00
302,336,0.005261,03ff00
303,304,0.036132,12ff00
303,337,0.0,0000ff
304,305,0.033423,11ff00
304,338,0.0,0000ff
305,272,0.033707,11ff00
305,339,0.0,0000ff
306,307,0.003684,02ff00
306,340,0.0,0000ff
307,308,0.003684,02ff00
307,341,0.0,0000ff
308,309,0.003684,02ff00
308,342,0.0,0000ff
309,310,0.003684,02ff00
309,343,0.0,0000ff
310,311,0.0,0000ff
310,344,0.0,0000ff
311,312,0.0,0000ff
311,345,0.0,0000ff
312,313,0.0,0000ff
312,346,0.0,0000ff
313,314,0.0,0000ff
313,347,0.0,0000ff
314,315,0.0,0000ff
314,348,0.0,0000ff
315,316,0.0,0000ff
315,349,0.0,0000ff
316,317,0.0,0000ff
316,350,0.0,0000ff
317,318,0.0,0000ff
317,351,0.0,0000ff
318,319,0.0,0000ff
318,352,0.0,0000ff
319,320,0.0,0000ff
319,353,0.0,0000ff
320,321,0.0,0000ff
320,354,0.0,0000ff
321,322,0.0,0000ff
321,355,0.0,0000ff
322,323,0.0,0000ff
322,356,0.0,0000ff
323,324,0.0,0000ff
323,357,0.0,0000ff
324,325,0.0,0000ff
324,358,0.0,0000ff
325,326,0.0,0000ff
325,359,0.0,0000ff
326,327,0.0,0000ff
326,360,0.0,0000ff
327,328,0.0,0000ff
327,361,0.0,0000ff
328,329,0.0,0000ff
328,362,0.0,0000ff
329,330,0.0,0000ff
329,363,0.0,0000ff
330,331,0.0,0000ff
330,364,0.0,0000ff
331,332,0.078305,28ff00
331,365,0.0,0000ff
332,333,0.0,0000ff
332,366,0.0,0000ff
333,334,0.001963,01ff00
333,367,0.0,0000ff
334,335,0.001963,01ff00
334,368,0.008087,04ff00
335,336,0.001963,01ff00
335,369,0.003693,02ff00
336,337,0.001963,01ff00
336,370,0.006971,04ff00
337,338,0.001963,01ff00
337,371,0.0,0000ff
338,339,9.5e-05,00ff00
338,372,0.0,0000ff
339,306,0.000783,00ff00
339,373,0.0,0000ff
340,341,0.0,0000ff
340,374,0.0,0000ff
341,342,0.0,0000ff
341,375,0.0,0000ff
342,343,0.0,0000ff
342,376,0.0,0000ff
343,344,0.0,0000ff
343,377,0.0,0000ff
344,345,0.0,0000ff
344,378,0.0,0000ff
345,346,0.0,0000ff
345,379,0.0,0000ff
346,347,0.0,0000ff
346,380,0.0,0000ff
347,348,0.0,0000ff
347,381,0.0,0000ff
348,349,0.0,0000ff
348,382,0.0,0000ff
349,350,0.0,0000ff
349,383,0.0,0000ff
350,351,0.0,0000ff
350,384,0.0,0000ff
351,352,0.0,0000ff
351,385,0.0,0000ff
352,353,0.0,0000ff
352,386,0.0,0000ff
353,354,0.0,0000ff
353,387,0.0,0000ff
354,355,0.0,0000ff
354,388,0.0,0000ff
355,356,0.0,0000ff
355,389,0.0,0000ff
356,357,0.0,0000ff
356,390,0.0,0000ff
357,358,0.0,0000ff
357,391,0.0,0000ff
358,359,0.0,0000ff
358,392,0.0,0000ff
359,360,0.0,0000ff
359,393,0.0,0000ff
360,361,0.0,0000ff
360,394,0.0,0000ff
361,362,0.0,0000ff
361,395,0.0,0000ff
362,363,0.0,0000ff
362,396,0.0,0000ff
363,364,0.0,0000ff
363,397,0.0,0000ff
364,365,0.0,0000ff
364,398,0.0,0000ff
365,366,0.0,0000ff
365,399,0.0,0000ff
366,367,0.0,0000ff
366,400,0.0,0000ff
367,368,0.0,0000ff
367,401,0.0,0000ff
368,369,0.0,0000ff
368,402,0.008087,04ff00
369,370,0.0,0000ff
369,403,0.003693,02ff00
370,371,0.0,0000ff
370,404,0.009724,05ff00
371,372,0.0,0000ff
371,405,0.0,0000ff
372,373,0.0,0000ff
372,406,0.0,0000ff
373,340,0.0,0000ff
373,407,0.0,0000ff
374,375,0.0,0000ff
374,408,0.0,0000ff
375,376,0.0,0000ff
375,409,0.0,0000ff
376,377,0.0,0000ff
376,410,0.0,0000ff
377,378,0.0,0000ff
377,411,0.0,0000ff
378,379,0.0,0000ff
378,412,0.0,0000ff
379,380,0.0,0000ff
379,413,0.0,0000ff
380,381,0.0,0000ff
380,414,0.0,0000ff
381,382,0.0,0000ff
381,415,0.0,0000ff
382,383,0.0,0000ff
382,416,0.0,0000ff
383,384,0.0,0000ff
383,417,0.0,0000ff
384,385,0.0,0000ff
384,418,0.0,0000ff
385,386,0.0,0000ff
385,419,0.0,0000ff
386,387,0.0,0000ff
386,420,0.0,0000ff
387,388,0.0,0000ff
387,421,0.0,0000ff
388,389,0.0,0000ff
388,422,0.0,0000ff
389,390,0.0,0000ff
389,423,0.0,0000ff
390,391,0.0,0000ff
390,424,0.0,0000ff
391,392,0.0,0000ff
391,425,0.0,0000ff
392,393,0.0,0000ff
392,426,0.0,0000ff
393,394,0.0,0000ff
393,427,0.0,0000ff
394,395,0.0,0000ff
394,428,0.0,0000ff
395,396,0.0,0000ff
395,429,0.0,0000ff
396,397,0.0,0000ff
396,430,0.0,0000ff
397,398,0.0,0000ff
397,431,0.0,0000ff
398,399,0.0,0000ff
398,432,0.0,0000ff
399,400,0.0,0000ff
399,433,0.0,0000ff
400,401,0.0,0000ff
400,434,0.008507,04ff00
401,402,0.0,0000ff
401,435,0.0,0000ff
402,403,0.0,0000ff
402,436,0.00813,04ff00
403,404,0.0,0000ff
403,437,0.003693,02ff00
404,405,0.0,0000ff
404,438,0.007086,04ff00
405,406,0.0,0000ff
405,439,0.0,0000ff
406,407,0.0,0000ff
406,440,0.0,0000ff
407,374,0.0,0000ff
407,441,0.0,0000ff
408,409,0.0,0000ff
408,442,0.0,0000ff
409,410,0.0,0000ff
409,443,0.0,0000ff
410,411,0.0,0000ff
410,444,0.0,0000ff
411,412,0.0,0000ff
411,445,0.0,0000ff
412,413,0.0,0000ff
412,446,0.0,0000ff
413,414,0.0,0000ff
413,447,0.0,0000ff
414,415,0.0,0000ff
414,448,0.0,0000ff
415,416,0.0,0000ff
415,449,0.0,0000ff
416,417,0.0,0000ff
416,450,0.0,0000ff
417,418,0.0,0000ff
417,451,0.0,0000ff
418,419,0.0,0000ff
418,452,0.0,0000ff
419,420,0.0,0000ff
419,453,0.0,0000ff
420,421,0.0,0000ff
420,454,0.0,0000ff
421,422,0.0,0000ff
421,455,0.0,0000ff
422,423,0.0,0000ff
422,456,0.0,0000ff
423,424,0.0,0000ff
423,457,0.0,0000ff
424,425,0.0,0000ff
424,458,0.0,0000ff
425,426,0.0,0000ff
425,459,0.0,0000ff
426,427,0.0,0000ff
426,460,0.0,0000ff
427,428,0.0,0000ff
427,461,0.0,0000ff
428,429,0.0,0000ff
428,462,0.0,0000ff
429,430,0.0,0000ff
429,463,0.0,0000ff
430,431,0.0,0000ff
430,464,0.0,0000ff
431,432,0.0,0000ff
431,465,0.0,0000ff
432,433,0.0,0000ff
432,466,0.0,0000ff
433,434,0.0,0000ff
433,467,0.0,0000ff
434,435,0.0,0000ff
434,468,0.008507,04ff00
435,436,0.0,0000ff
435,469,0.0,0000ff
436,437,0.0,0000ff
436,470,0.00816,04ff00
437,438,0.0,0000ff
437,471,0.003693,02ff00
438,439,0.0,0000ff
438,472,0.007086,04ff00
439,440,0.0,0000ff
439,473,0.0,0000ff
440,441,0.0,0000ff
440,474,0.0,0000ff
441,408,0.0,0000ff
441,475,0.0,0000ff
442,443,0.00853,04ff00
442,476,0.0,0000ff
443,444,0.008635,04ff00
443,477,0.0,0000ff
444,445,0.006424,03ff00
444,478,0.005359,03ff00
445,446,0.0,0000ff
445,479,0.006424,03ff00
446,447,0.0,0000ff
446,480,0.0,0000ff
447,448,0.0,0000ff
447,481,0.0,0000ff
448,449,0.0,0000ff
448,482,0.0,0000ff
449,450,0.0,0000ff
449,483,0.0,0000ff
450,451,0.0,0000ff
450,484,0.0,0000ff
451,452,0.0,0000ff
451,485,0.0,0000ff
452,453,0.0,0000ff
452,486,0.0,0000ff
453,454,0.0,0000ff
453,487,0.0,0000ff
454,455,0.0,0000ff
454,488,0.0,0000ff
455,456,0.0,0000ff
455,489,0.0,0000ff
456,457,0.0,0000ff
456,490,0.0,0000ff
457,458,0.0,0000ff
457,491,0.0,0000ff
458,459,0.0,0000ff
458,492,0.0,0000ff
459,460,0.0,0000ff
459,493,0.0,0000ff
460,461,0.0,0000ff
460,494,0.0,0000ff
461,462,0.0,0000ff
461,495,0.0,0000ff
462,463,0.0,0000ff
462,496,0.0,0000ff
463,464,0.0,0000ff
463,497,0.0,0000ff
464,465,0.0,0000ff
464,498,0.0,0000ff
465,466,0.0,0000ff
465,499,0.0,0000ff
466,467,0.0,0000ff
466,500,0.0,0000ff
467,468,0.0,0000ff
467,501,0.0,0000ff
468,469,0.008405,04ff00
468,502,0.002065,01ff00
469,470,0.008405,04ff00
469,503,0.0,0000ff
470,471,0.013528,07ff00
470,504,0.0,0000ff
471,472,0.017216,09ff00
471,505,0.0,0000ff
472,473,0.019243,0aff00
472,506,0.0,0000ff
473,474,0.019383,0aff00
473,507,0.0,0000ff
474,475,0.020139,0aff00
474,508,0.0,0000ff
475,442,0.0,0000ff
475,509,0.0,0000ff
476,477,0.0,0000ff
476,510,0.0,0000ff
477,478,0.0,0000ff
477,511,0.0,0000ff
478,479,0.0,0000ff
478,512,0.005359,03ff00
479,480,0.0,0000ff
479,513,0.006424,03ff00
480,481,0.0,0000ff
480,514,0.0,0000ff
481,482,0.0,0000ff
481,515,0.0,0000ff
482,483,0.0,0000ff
482,516,0.0,0000ff
483,484,0.0,0000ff
483,517,0.0,0000ff
484,485,0.0,0000ff
484,518,0.0,0000ff
485,486,0.0,0000ff
485,519,0.0,0000ff
486,487,0.0,0000ff
486,520,0.0,0000ff
487,488,0.0,0000ff
487,521,0.0,0000ff
488,489,0.0,0000ff
488,522,0.0,0000ff
489,490,0.0,0000ff
489,523,0.0,0000ff
490,491,0.0,0000ff
490,524,0.0,0000ff
491,492,0.0,0000ff
491,525,0.0,0000ff
492,493,0.0,0000ff
492,526,0.0,0000ff
493,494,0.0,0000ff
493,527,0.0,0000ff
494,495,0.0,0000ff
494,528,0.0,0000ff
495,496,0.0,0000ff
495,529,0.0,0000ff
496,497,0.0,0000ff
496,530,0.0,0000ff
497,498,0.0,0000ff
497,531,0.0,0000ff
498,499,0.0,0000ff
498,532,0.0,0000ff
499,500,0.0,0000ff
499,533,0.0,0000ff
500,501,0.0,0000ff
500,534,0.0,0000ff
501,502,0.0,0000ff
501,535,0.0,0000ff
502,503,0.0,0000ff
502,536,0.002065,01ff00
503,504,0.0,0000ff
503,537,0.0,0000ff
504,505,0.0,0000ff
504,538,0.0,0000ff
505,506,0.0,0000ff
505,539,0.0,0000ff
506,507,0.0,0000ff
506,540,0.0,0000ff
507,508,0.0,0000ff
507,541,0.0,0000ff
508,509,0.0,0000ff
508,542,0.0,0000ff
509,476,0.0,0000ff
509,543,0.0,0000ff
510,511,0.0,0000ff
510,544,0.0,0000ff
511,512,0.0,0000ff
511,545,0.0,0000ff
512,513,0.0,0000ff
512,546,0.005359,03ff00
513,514,0.0,0000ff
513,547,0.006424,03ff00
514,515,0.0,0000ff
514,548,0.0,0000ff
515,516,0.0,0000ff
515,549,0.0,0000ff
516,517,0.0,0000ff
516,550,0.0,0000ff
517,518,0.0,0000ff
517,551,0.0,0000ff
518,519,0.0,0000ff
518,552,0.0,0000ff
519,520,0.0,0000ff
519,553,0.0,0000ff
520,521,0.007342,04ff00
520,554,0.007342,04ff00
521,522,0.007342,04ff00
521,555,0.0,0000ff
522,523,0.007342,04ff00
522,556,0.0,0000ff
523,524,0.007342,04ff00
523,557,0.0,0000ff
524,525,0.007342,04ff00
524,558,0.0,0000ff
525,526,0.007342,04ff00
525,559,0.0,0000ff
526,527,0.007342,04ff00
526,560,0.0,0000ff
527,528,0.007342,04ff00
527,561,0.0,0000ff
528,529,0.007342,04ff00
528,562,0.0,0000ff
529,530,0.007342,04ff00
529,563,0.0,0000ff
530,531,0.007373,04ff00
530,564,0.0,0000ff
531,532,0.007542,04ff00
531,565,0.0,0000ff
532,533,0.007542,04ff00
532,566,0.0,0000ff
533,534,0.01242,06ff00
533,567,0.326704,a7ff00
534,535,0.01242,06ff00
534,568,0.0,0000ff
535,536,0.0,0000ff
535,569,0.01242,06ff00
536,537,0.0,0000ff
536,570,0.002065,01ff00
537,538,0.0,0000ff
537,571,0.0,0000ff
538,539,0.0,0000ff
538,572,0.0,0000ff
539,540,0.0,0000ff
539,573,0.0,0000ff
540,541,0.0,0000ff
540,574,0.0,0000ff
541,542,0.0,0000ff
541,575,0.0,0000ff
542,543,0.0,0000ff
542,576,0.0,0000ff
543,510,0.0,0000ff
543,577,0.0,0000ff
544,545,0.0,0000ff
544,578,0.0,0000ff
545,546,0.0,0000ff
545,579,0.0,0000ff
546,547,0.0,0000ff
546,580,0.005359,03ff00
547,548,0.0,0000ff
547,581,0.006424,03ff00
548,549,0.0,0000ff
548,582,0.0,0000ff
549,550,0.0,0000ff
549,583,0.0,0000ff
550,551,0.0,0000ff
550,584,0.0,0000ff
551,552,0.0,0000ff
551,585,0.0,0000ff
552,553,0.0,0000ff
552,586,0.0,0000ff
553,554,0.0,0000ff
553,587,0.0,0000ff
554,555,0.0,0000ff
554,588,0.007342,04ff00
555,556,0.0,0000ff
555,589,0.0,0000ff
556,557,0.0,0000ff
556,590,0.0,0000ff
557,558,0.0,0000ff
557,591,0.0,0000ff
558,559,0.0,0000ff
558,592,0.0,0000ff
559,560,0.0,0000ff
559,593,0.0,0000ff
560,561,0.0,0000ff
560,594,0.0,0000ff
561,562,0.0,0000ff
561,595,0.0,0000ff
562,563,0.0,0000ff
562,596,0.0,0000ff
563,564,0.0,0000ff
563,597,0.0,0000ff
564,565,0.0,0000ff
564,598,0.0,0000ff
565,566,0.0,0000ff
565,599,0.0,0000ff
566,567,0.001524,01ff00
566,600,0.0,0000ff
567,568,0.000767,00ff00
567,601,0.295319,97ff00
568,569,0.000767,00ff00
568,602,0.0,0000ff
569,570,0.0,0000ff
569,603,0.012433,06ff00
570,571,0.0,0000ff
570,604,0.008018,04ff00
571,572,0.0,0000ff
571,605,0.0,0000ff
572,573,0.0,0000ff
572,606,0.0,0000ff
573,574,0.0,0000ff
573,607,0.0,0000ff
574,575,0.0,0000ff
574,608,0.0,0000ff
575,576,0.0,0000ff
575,609,0.0,0000ff
576,577,0.0,0000ff
576,610,0.0,0000ff
577,544,0.0,0000ff
577,611,0.0,0000ff
578,579,0.022301,0bff00
578,612,0.0,0000ff
579,580,0.022301,0bff00
579,613,0.0,0000ff
580,581,0.0,0000ff
580,614,0.0,0000ff
581,582,0.253396,81ff00
581,615,0.006424,03ff00
582,583,0.26899,89ff00
582,616,0.0,0000ff
583,584,0.283064,90ff00
583,617,0.0,0000ff
584,585,0.2777,8eff00
584,618,0.0,0000ff
585,586,0.276326,8dff00
585,619,0.0,0000ff
586,587,0.0,0000ff
586,620,0.274386,8cff00
587,588,0.0,0000ff
587,621,0.0,0000ff
588,589,0.017047,09ff00
588,622,0.024389,0cff00
589,590,0.085774,2cff00
589,623,0.075981,27ff00
590,591,0.331526,a9ff00
590,624,0.25921,84ff00
591,592,0.411801,d2ff00
591,625,0.064178,21ff00
592,593,0.420963,d7ff00
592,626,0.0,0000ff
593,594,0.413685,d3ff00
593,627,0.0,0000ff
594,595,0.423452,d8ff00
594,628,0.0,0000ff
595,596,0.425965,d9ff00
595,629,0.0,0000ff
596,597,0.406559,cfff00
596,630,0.0,0000ff
597,598,0.40018,ccff00
597,631,0.0,0000ff
598,599,0.185878,5fff00
598,632,0.053247,1bff00
599,600,0.005909,03ff00
599,633,0.166116,55ff00
600,601,0.005909,03ff00
600,634,0.0,0000ff
601,602,0.005909,03ff00
601,635,0.289957,94ff00
602,603,0.005851,03ff00
602,636,0.0,0000ff
603,604,0.018284,09ff00
603,637,0.0,0000ff
604,605,0.020465,0aff00
604,638,0.0,0000ff
605,606,0.020465,0aff00
605,639,0.0,0000ff
606,607,0.012844,07ff00
606,640,0.0,0000ff
607,608,0.011148,06ff00
607,641,0.0,0000ff
608,609,0.024366,0cff00
608,642,0.0,0000ff
609,610,0.024366,0cff00
609,643,0.0,0000ff
610,611,0.024366,0cff00
610,644,0.0,0000ff
611,578,0.022301,0bff00
611,645,0.0,0000ff
612,613,0.0,0000ff
612,646,0.0,0000ff
613,614,0.0,0000ff
613,647,0.0,0000ff
614,615,0.0,0000ff
614,648,0.0,0000ff
615,616,0.0,0000ff
615,649,0.0,0000ff
616,617,0.304664,9bff00
616,650,0.0,0000ff
617,618,0.295531,97ff00
617,651,0.0,0000ff
618,619,0.303042,9bff00
618,652,0.0,0000ff
619,620,0.315268,a1ff00
619,653,0.0,0000ff
620,621,0.03841,14ff00
620,654,0.533563,ffee00
621,622,0.03841,14ff00
621,655,0.0,0000ff
622,623,0.055142,1cff00
622,656,0.033947,11ff00
623,624,0.106385,36ff00
623,657,0.131498,43ff00
624,625,0.224901,73ff00
624,658,0.255607,82ff00
625,626,0.435655,deff00
625,659,0.190832,61ff00
626,627,0.443004,e2ff00
626,660,0.002697,01ff00
627,628,0.439353,e0ff00
627,661,0.0,0000ff
628,629,0.428684,dbff00
628,662,0.0,0000ff
629,630,0.440709,e1ff00
629,663,0.0,0000ff
630,631,0.443684,e2ff00
630,664,0.0,0000ff
631,632,0.447625,e4ff00
631,665,0.0,0000ff
632,633,0.108486,37ff00
632,666,0.127631,41ff00
633,634,0.083612,2bff00
633,667,0.144552,4aff00
634,635,0.083612,2bff00
634,668,0.0,0000ff
635,636,0.0,0000ff
635,669,0.196328,64ff00
636,637,0.0,0000ff
636,670,0.0,0000ff
637,638,0.0,0000ff
637,671,0.0,0000ff
638,639,0.0,0000ff
638,672,0.0,0000ff
639,640,0.0,0000ff
639,673,0.0,0000ff
640,641,0.0,0000ff
640,674,0.0,0000ff
641,642,0.0,0000ff
641,675,0.0,0000ff
642,643,0.0,0000ff
642,676,0.0,0000ff
643,644,0.0,0000ff
643,677,0.0,0000ff
644,645,0.0,0000ff
644,678,0.0,0000ff
645,612,0.0,0000ff
645,679,0.0,0000ff
646,647,0.022218,0bff00
646,680,0.0,0000ff
647,648,0.014417,07ff00
647,681,0.0,0000ff
648,649,0.0,0000ff
648,682,0.0,0000ff
649,650,0.0,0000ff
649,683,0.0,0000ff
650,651,0.0,0000ff
650,684,0.0,0000ff
651,652,0.0,0000ff
651,685,0.0,0000ff
652,653,0.0,0000ff
652,686,0.0,0000ff
653,654,0.0,0000ff
653,687,0.0,0000ff
654,655,0.059179,1eff00
654,688,0.465838,eeff00
655,656,0.052312,1bff00
655,689,0.0,0000ff
656,657,0.068556,23ff00
656,690,0.0,0000ff
657,658,0.07453,26ff00
657,691,0.071796,25ff00
658,659,0.165413,54ff00
658,692,0.328831,a8ff00
659,660,0.055193,1cff00
659,693,0.093565,30ff00
660,661,0.103445,35ff00
660,694,0.0,0000ff
661,662,0.108702,37ff00
661,695,0.0,0000ff
662,663,0.105231,36ff00
662,696,0.0,0000ff
663,664,0.108338,37ff00
663,697,0.0,0000ff
664,665,0.11213,39ff00
664,698,0.0,0000ff
665,666,0.112942,3aff00
665,699,0.0,0000ff
666,667,0.120421,3dff00
666,700,0.086928,2cff00
667,668,0.088259,2dff00
667,701,0.109854,38ff00
668,669,0.088259,2dff00
668,702,0.0,0000ff
669,670,0.0,0000ff
669,703,0.103405,35ff00
670,671,0.0,0000ff
670,704,0.0,0000ff
671,672,0.0,0000ff
671,705,0.0,0000ff
672,673,0.0,0000ff
672,706,0.0,0000ff
673,674,0.0,0000ff
673,707,0.0,0000ff
674,675,0.0,0000ff
674,708,0.0,0000ff
675,676,0.0,0000ff
675,709,0.0,0000ff
676,677,0.009776,05ff00
676,710,0.009776,05ff00
677,678,0.013728,07ff00
677,711,0.004551,02ff00
678,679,0.013728,07ff00
678,712,0.0,0000ff
679,646,0.015335,08ff00
679,713,0.0,0000ff
680,681,0.0,0000ff
680,714,0.0,0000ff
681,682,0.0,0000ff
681,715,0.0,0000ff
682,683,0.0,0000ff
682,716,0.0,0000ff
683,684,0.0,0000ff
683,717,0.0,0000ff
684,685,0.0,0000ff
684,718,0.0,0000ff
685,686,0.0,0000ff
685,719,0.0,0000ff
686,687,0.0,0000ff
686,720,0.0,0000ff
687,688,0.0,0000ff
687,721,0.0,0000ff
688,689,0.102716,34ff00
688,722,0.356485,b6ff00
689,690,0.103168,35ff00
689,723,0.0,0000ff
690,691,0.133191,44ff00
690,724,0.0,0000ff
691,692,0.143416,49ff00
691,725,0.0759,27ff00
692,693,0.213142,6dff00
692,726,0.296964,97ff00
693,694,0.193101,62ff00
693,727,0.083434,2bff00
694,695,0.396954,caff00
694,728,0.020829,0bff00
695,696,0.397816,cbff00
695,729,0.0,0000ff
696,697,0.222978,72ff00
696,730,0.013208,07ff00
697,698,0.214478,6dff00
697,731,0.0,0000ff
698,699,0.217593,6fff00
698,732,0.0,0000ff
699,700,0.212602,6cff00
699,733,0.0,0000ff
700,701,0.154318,4fff00
700,734,0.0,0000ff
701,702,0.051964,1bff00
701,735,0.021567,0bff00
702,703,0.055156,1cff00
702,736,0.0,0000ff
703,704,0.0,0000ff
703,737,0.04135,15ff00
704,705,0.0,0000ff
704,738,0.0,0000ff
705,706,0.0,0000ff
705,739,0.0,0000ff
706,707,0.0,0000ff
706,740,0.0,0000ff
707,708,0.0,0000ff
707,741,0.0,0000ff
708,709,0.0,0000ff
708,742,0.0,0000ff
709,710,0.0,0000ff
709,743,0.0,0000ff
710,711,0.0,0000ff
710,744,0.009776,05ff00
711,712,0.0,0000ff
711,745,0.004551,02ff00
712,713,0.0,0000ff
712,746,0.0,0000ff
713,680,0.0,0000ff
713,747,0.0,0000ff
714,715,0.0,0000ff
714,748,0.0,0000ff
715,716,0.0,0000ff
715,749,0.0,0000ff
716,717,0.0,0000ff
716,750,0.0,0000ff
717,718,0.0,0000ff
717,751,0.0,0000ff
718,719,0.0,0000ff
718,752,0.0,0000ff
719,720,0.0,0000ff
719,753,0.0,0000ff
720,721,0.0,0000ff
720,754,0.0,0000ff
721,722,0.0,0000ff
721,755,0.0,0000ff
722,723,0.155968,50ff00
722,756,0.190258,61ff00
723,724,0.194037,63ff00
723,757,0.0,0000ff
724,725,0.270427,8aff00
724,758,0.039724,14ff00
725,726,0.192252,62ff00
725,759,0.091349,2fff00
726,727,0.149983,4cff00
726,760,0.212601,6cff00
727,728,0.086879,2cff00
727,761,0.021742,0bff00
728,729,0.089518,2eff00
728,762,0.025877,0dff00
729,730,0.07819,28ff00
729,763,0.0,0000ff
730,731,0.062277,20ff00
730,764,0.012749,07ff00
731,732,0.052003,1bff00
731,765,0.0,0000ff
732,733,0.044573,17ff00
732,766,0.0,0000ff
733,734,0.044554,17ff00
733,767,0.0,0000ff
734,735,0.044554,17ff00
734,768,0.0,0000ff
735,736,0.022987,0cff00
735,769,0.0,0000ff
736,737,0.01576,08ff00
736,770,0.0,0000ff
737,738,0.0,0000ff
737,771,0.025511,0dff00
738,739,0.0,0000ff
738,772,0.0,0000ff
739,740,0.0,0000ff
739,773,0.0,0000ff
740,741,0.0,0000ff
740,774,0.0,0000ff
741,742,0.0,0000ff
741,775,0.0,0000ff
742,743,0.0,0000ff
742,776,0.0,0000ff
743,744,0.0,0000ff
743,777,0.0,0000ff
744,745,0.0,0000ff
744,778,0.009776,05ff00
745,746,0.0,0000ff
745,779,0.005813,03ff00
746,747,0.0,0000ff
746,780,0.0,0000ff
747,714,0.0,0000ff
747,781,0.0,0000ff
748,749,0.022981,0cff00
748,782,0.0,0000ff
749,750,0.022981,0cff00
749,783,0.0,0000ff
750,751,0.014721,08ff00
750,784,0.0,0000ff
751,752,0.00715,04ff00
751,785,0.0,0000ff
752,753,0.00715,04ff00
752,786,0.0,0000ff
753,754,0.00715,04ff00
753,787,0.0,0000ff
754,755,0.007698,04ff00
754,788,0.0,0000ff
755,756,0.007698,04ff00
755,789,0.0,0000ff
756,757,0.089883,2eff00
756,790,0.103415,35ff00
757,758,0.126654,41ff00
757,791,0.0,0000ff
758,759,0.211567,6cff00
758,792,0.048657,19ff00
759,760,0.241814,7bff00
759,793,0.018434,09ff00
760,761,0.175512,5aff00
760,794,0.044737,17ff00
761,762,0.194778,63ff00
761,795,0.045629,17ff00
762,763,0.214506,6dff00
762,796,0.015699,08ff00
763,764,0.207743,6aff00
763,797,0.0,0000ff
764,765,0.206541,69ff00
764,798,0.009397,05ff00
765,766,0.025238,0dff00
765,799,0.0,0000ff
766,767,0.025238,0dff00
766,800,0.0,0000ff
767,768,0.025238,0dff00
767,801,0.0,0000ff
768,769,0.025238,0dff00
768,802,0.0,0000ff
769,770,0.025238,0dff00
769,803,0.0,0000ff
770,771,0.025238,0dff00
770,804,0.0,0000ff
771,772,0.0,0000ff
771,805,0.000409,00ff00
772,773,0.0,0000ff
772,806,0.0,0000ff
773,774,0.0,0000ff
773,807,0.0,0000ff
774,775,0.0,0000ff
774,808,0.0,0000ff
775,776,0.0,0000ff
775,809,0.0,0000ff
776,777,0.0,0000ff
776,810,0.0,0000ff
777,778,0.0,0000ff
777,811,0.0,0000ff
778,779,0.0,0000ff
778,812,0.009776,05ff00
779,780,0.022745,0cff00
779,813,0.0,0000ff
780,781,0.022758,0cff00
780,814,0.0,0000ff
781,748,0.022802,0cff00
781,815,0.0,0000ff
782,783,0.252585,81ff00
782,816,0.0,0000ff
783,784,0.227299,74ff00
783,817,0.0,0000ff
784,785,0.203344,68ff00
784,818,0.0,0000ff
785,786,0.20384,68ff00
785,819,0.0,0000ff
786,787,0.185331,5fff00
786,820,0.0,0000ff
787,788,0.190247,61ff00
787,821,0.0,0000ff
788,789,0.200056,66ff00
788,822,0.0,0000ff
789,790,0.18211,5dff00
789,823,0.000688,00ff00
790,791,0.208462,6aff00
790,824,0.075097,26ff00
791,792,0.222088,71ff00
791,825,0.107643,37ff00
792,793,0.133797,44ff00
792,826,0.0,0000ff
793,794,0.041004,15ff00
793,827,0.039582,14ff00
794,795,0.074549,26ff00
794,828,0.058863,1eff00
795,796,0.074566,26ff00
795,829,0.045629,17ff00
796,797,0.076692,27ff00
796,830,0.015699,08ff00
797,798,0.067259,22ff00
797,831,0.0,0000ff
798,799,0.005232,03ff00
798,832,0.009397,05ff00
799,800,0.027473,0eff00
799,833,0.001377,01ff00
800,801,0.027473,0eff00
800,834,0.0,0000ff
801,802,0.027473,0eff00
801,835,0.0,0000ff
802,803,0.027473,0eff00
802,836,0.0,0000ff
803,804,0.027698,0eff00
803,837,0.0,0000ff
804,805,0.02778,0eff00
804,838,0.0,0000ff
805,806,0.027534,0eff00
805,839,0.000163,00ff00
806,807,0.027521,0eff00
806,840,0.0,0000ff
807,808,0.020683,0bff00
807,841,0.012352,06ff00
808,809,0.020683,0bff00
808,842,0.0,0000ff
809,810,0.020683,0bff00
809,843,0.0,0000ff
810,811,0.018274,09ff00
810,844,0.0,0000ff
811,812,0.0,0000ff
811,845,0.0,0000ff
812,813,0.269431,89ff00
812,846,0.0,0000ff
813,814,0.270622,8aff00
813,847,0.0,0000ff
814,815,0.271424,8aff00
814,848,0.0,0000ff
815,782,0.275391,8cff00
815,849,0.0,0000ff
816,817,0.274172,8cff00
816,850,0.0,0000ff
817,818,0.266633,88ff00
817,851,0.0,0000ff
818,819,0.263157,86ff00
818,852,0.0,0000ff
819,820,0.265794,88ff00
819,853,0.0,0000ff
820,821,0.24466,7dff00
820,854,0.031744,10ff00
821,822,0.110149,38ff00
821,855,0.148067,4cff00
822,823,0.051351,1aff00
822,856,0.037182,13ff00
823,824,0.028356,0eff00
823,857,0.030055,0fff00
824,825,0.068937,23ff00
824,858,0.04575,17ff00
825,826,0.07063,24ff00
825,859,0.072485,25ff00
826,827,0.142631,49ff00
826,860,0.004918,03ff00
827,828,0.0,0000ff
827,861,0.03005,0fff00
828,829,0.005669,03ff00
828,862,0.055426,1cff00
829,830,0.000163,00ff00
829,863,0.041119,15ff00
830,831,0.000163,00ff00
830,864,0.015699,08ff00
831,832,0.000163,00ff00
831,865,0.0,0000ff
832,833,0.000163,00ff00
832,866,0.009397,05ff00
833,834,0.000163,00ff00
833,867,0.001377,01ff00
834,835,0.000163,00ff00
834,868,0.0,0000ff
835,836,0.000163,00ff00
835,869,0.0,0000ff
836,837,0.000163,00ff00
836,870,0.0,0000ff
837,838,0.000163,00ff00
837,871,0.0,0000ff
838,839,0.000163,00ff00
838,872,0.0,0000ff
839,840,0.0,0000ff
839,873,0.0,0000ff
840,841,0.0,0000ff
840,874,0.0,0000ff
841,842,0.0,0000ff
841,875,0.012352,06ff00
842,843,0.0,0000ff
842,876,0.0,0000ff
843,844,0.0,0000ff
843,877,0.0,0000ff
844,845,0.0,0000ff
844,878,0.0,0000ff
845,846,0.0,0000ff
845,879,0.0,0000ff
846,847,0.296875,97ff00
846,880,0.025009,0dff00
847,848,0.294052,96ff00
847,881,0.0,0000ff
848,849,0.278715,8eff00
848,882,0.0,0000ff
849,816,0.276133,8dff00
849,883,0.0,0000ff
850,851,0.085797,2cff00
850,884,0.0,0000ff
851,852,0.089784,2eff00
851,885,0.0,0000ff
852,853,0.090395,2eff00
852,886,0.0,0000ff
853,854,0.090801,2eff00
853,887,0.0,0000ff
854,855,0.09283,2fff00
854,888,0.031817,10ff00
855,856,0.094708,30ff00
855,889,0.151388,4dff00
856,857,0.080152,29ff00
856,890,0.072716,25ff00
857,858,0.133647,44ff00
857,891,0.04128,15ff00
858,859,0.049094,19ff00
858,892,0.090234,2eff00
859,860,0.066487,22ff00
859,893,0.095476,31ff00
860,861,0.0,0000ff
860,894,0.0,0000ff
861,862,0.0,0000ff
861,895,0.011714,06ff00
862,863,0.0,0000ff
862,896,0.055018,1cff00
863,864,0.0,0000ff
863,897,0.039484,14ff00
864,865,0.0,0000ff
864,898,0.006072,03ff00
865,866,0.0,0000ff
865,899,0.0,0000ff
866,867,0.0,0000ff
866,900,0.009397,05ff00
867,868,0.0,0000ff
867,901,0.001377,01ff00
868,869,0.0,0000ff
868,902,0.0,0000ff
869,870,0.0,0000ff
869,903,0.0,0000ff
870,871,0.0,0000ff
870,904,0.0,0000ff
871,872,0.0,0000ff
871,905,0.0,0000ff
872,873,0.0,0000ff
872,906,0.0,0000ff
873,874,0.0,0000ff
873,907,0.0,0000ff
874,875,0.0,0000ff
874,908,0.0,0000ff
875,876,0.004281,02ff00
875,909,0.008072,04ff00
876,877,0.004281,02ff00
876,910,0.0,0000ff
877,878,0.004281,02ff00
877,911,0.0,0000ff
878,879,0.003097,02ff00
878,912,0.0,0000ff
879,880,0.0,0000ff
879,913,0.0,0000ff
880,881,0.092703,2fff00
880,914,0.025192,0dff00
881,882,0.088343,2dff00
881,915,0.0,0000ff
882,883,0.085376,2cff00
882,916,0.0,0000ff
883,850,0.081549,2aff00
883,917,0.0,0000ff
884,885,0.380991,c2ff00
884,918,0.0,0000ff
885,886,0.378444,c1ff00
885,919,0.0,0000ff
886,887,0.36267,b9ff00
886,920,0.0,0000ff
887,888,0.358623,b7ff00
887,921,0.0,0000ff
888,889,0.319731,a3ff00
888,922,0.089552,2eff00
889,890,0.224554,73ff00
889,923,0.228892,75ff00
890,891,0.125592,40ff00
890,924,0.093351,30ff00
891,892,0.058679,1eff00
891,925,0.064673,21ff00
892,893,0.0,0000ff
892,926,0.14544,4aff00
893,894,0.0,0000ff
893,927,0.171461,57ff00
894,895,0.0,0000ff
894,928,0.000833,00ff00
895,896,0.0,0000ff
895,929,0.017307,09ff00
896,897,0.0,0000ff
896,930,0.055322,1cff00
897,898,0.0,0000ff
897,931,0.043411,16ff00
898,899,0.0,0000ff
898,932,0.000212,00ff00
899,900,0.0,0000ff
899,933,0.0,0000ff
900,901,0.0,0000ff
900,934,0.009397,05ff00
901,902,0.0,0000ff
901,935,0.001377,01ff00
902,903,0.0,0000ff
902,936,0.0,0000ff
903,904,0.0,0000ff
903,937,0.0,0000ff
904,905,0.0,0000ff
904,938,0.0,0000ff
905,906,0.0,0000ff
905,939,0.0,0000ff
906,907,0.0,0000ff
906,940,0.0,0000ff
907,908,0.0,0000ff
907,941,0.0,0000ff
908,909,0.0,0000ff
908,942,0.0,0000ff
909,910,0.008072,04ff00
909,943,0.0,0000ff
910,911,0.008072,04ff00
910,944,0.0,0000ff
911,912,0.002868,01ff00
911,945,0.0,0000ff
912,913,0.002868,01ff00
912,946,0.0,0000ff
913,914,0.0,0000ff
913,947,0.0,0000ff
914,915,0.401183,cdff00
914,948,0.086154,2cff00
915,916,0.398304,cbff00
915,949,0.0,0000ff
916,917,0.387714,c6ff00
916,950,0.0,0000ff
917,884,0.375196,bfff00
917,951,0.0,0000ff
918,919,0.238762,7aff00
918,952,0.0,0000ff
919,920,0.229837,75ff00
919,953,0.0,0000ff
920,921,0.234583,78ff00
920,954,0.0,0000ff
921,922,0.238457,7aff00
921,955,0.0,0000ff
922,923,0.251421,80ff00
922,956,0.090681,2eff00
923,924,0.181039,5cff00
923,957,0.231632,76ff00
924,925,0.221559,71ff00
924,958,0.090562,2eff00
925,926,0.167295,55ff00
925,959,0.149105,4cff00
926,927,0.0,0000ff
926,960,0.396348,caff00
927,928,0.0,0000ff
927,961,0.170861,57ff00
928,929,0.0,0000ff
928,962,0.000833,00ff00
929,930,0.0,0000ff
929,963,0.016045,08ff00
930,931,0.0,0000ff
930,964,0.05579,1cff00
931,932,0.0,0000ff
931,965,0.04132,15ff00
932,933,0.0,0000ff
932,966,0.005357,03ff00
933,934,0.0,0000ff
933,967,0.0,0000ff
934,935,0.0,0000ff
934,968,0.007357,04ff00
935,936,0.0,0000ff
935,969,0.001377,01ff00
936,937,0.0,0000ff
936,970,0.0,0000ff
937,938,0.0,0000ff
937,971,0.0,0000ff
938,939,0.0,0000ff
938,972,0.0,0000ff
939,940,0.0,0000ff
939,973,0.0,0000ff
940,941,0.0,0000ff
940,974,0.0,0000ff
941,942,0.0,0000ff
941,975,0.0,0000ff
942,943,0.0,0000ff
942,976,0.0,0000ff
943,944,0.0,0000ff
943,977,0.0,0000ff
944,945,0.0,0000ff
944,978,0.0,0000ff
945,946,0.0,0000ff
945,979,0.0,0000ff
946,947,0.0,0000ff
946,980,0.015123,08ff00
947,948,0.22401,72ff00
947,981,0.085141,2bff00
948,949,0.236478,79ff00
948,982,0.086788,2cff00
949,950,0.231319,76ff00
949,983,0.0,0000ff
950,951,0.223768,72ff00
950,984,0.0,0000ff
951,918,0.239861,7aff00
951,985,0.0,0000ff
952,953,0.256599,83ff00
952,986,0.0,0000ff
953,954,0.260273,85ff00
953,987,0.0,0000ff
954,955,0.252213,81ff00
954,988,0.0,0000ff
955,956,0.251896,80ff00
955,989,0.0,0000ff
956,957,0.251814,80ff00
956,990,0.095124,31ff00
957,958,0.074984,26ff00
957,991,0.230555,76ff00
958,959,0.256547,83ff00
958,992,0.213732,6dff00
959,960,0.130986,43ff00
959,993,0.204777,68ff00
960,961,0.071515,24ff00
960,994,0.44756,e4ff00
961,962,0.0,0000ff
961,995,0.255101,82ff00
962,963,0.0,0000ff
962,996,0.000833,00ff00
963,964,0.0,0000ff
963,997,0.015816,08ff00
964,965,0.0,0000ff
964,998,0.05579,1cff00
965,966,0.0,0000ff
965,999,0.027553,0eff00
966,967,0.0,0000ff
966,1000,0.005357,03ff00
967,968,0.0,0000ff
967,1001,0.0,0000ff
968,969,0.0,0000ff
968,1002,0.007357,04ff00
969,970,0.0,0000ff
969,1003,0.000688,00ff00
970,971,0.0,0000ff
970,1004,0.0,0000ff
971,972,0.0,0000ff
971,1005,0.0,0000ff
972,973,0.0,0000ff
972,1006,0.0,0000ff
973,974,0.0,0000ff
973,1007,0.0,0000ff
974,975,0.0,0000ff
974,1008,0.0,0000ff
975,976,0.0,0000ff
975,1009,0.0,0000ff
976,977,0.0,0000ff
976,1010,0.0,0000ff
977,978,0.0,0000ff
977,1011,0.0,0000ff
978,979,0.0,0000ff
978,1012,0.0,0000ff
979,980,0.0,0000ff
979,1013,0.0,0000ff
980,981,0.016513,08ff00
980,1014,0.031367,10ff00
981,982,0.153996,4fff00
981,1015,0.295633,97ff00
982,983,0.226429,73ff00
982,1016,0.087255,2dff00
983,984,0.238256,7aff00
983,1017,0.0,0000ff
984,985,0.249581,7fff00
984,1018,0.0,0000ff
985,952,0.254937,82ff00
985,1019,0.0,0000ff
986,987,0.391026,c7ff00
986,1020,0.0,0000ff
987,988,0.390509,c7ff00
987,1021,0.0,0000ff
988,989,0.374852,bfff00
988,1022,0.0,0000ff
989,990,0.371713,beff00
989,1023,0.0,0000ff
990,991,0.22014,70ff00
990,1024,0.076988,27ff00
991,992,0.272043,8bff00
991,1025,0.170695,57ff00
992,993,0.267289,88ff00
992,1026,0.061933,20ff00
993,994,0.244559,7dff00
993,1027,0.097914,32ff00
994,995,0.0,0000ff
994,1028,0.549137,ffe600
995,996,0.0,0000ff
995,1029,0.254447,82ff00
996,997,0.0,0000ff
996,1030,0.000833,00ff00
997,998,0.010309,05ff00
997,1031,0.0,0000ff
998,999,0.067459,22ff00
998,1032,0.0,0000ff
999,1000,0.09429,30ff00
999,1033,0.0,0000ff
1000,1001,0.095625,31ff00
1000,1034,0.0,0000ff
1001,1002,0.112353,39ff00
1001,1035,0.0,0000ff
1002,1003,0.117328,3cff00
1002,1036,0.0,0000ff
1003,1004,0.017221,09ff00
1003,1037,0.0,0000ff
1004,1005,0.017221,09ff00
1004,1038,0.0,0000ff
1005,1006,0.017338,09ff00
1005,1039,0.0,0000ff
1006,1007,0.017338,09ff00
1006,1040,0.0,0000ff
1007,1008,0.017338,09ff00
1007,1041,0.0,0000ff
1008,1009,0.017372,09ff00
1008,1042,0.0,0000ff
1009,1010,0.016854,09ff00
1009,1043,0.0,0000ff
1010,1011,0.016854,09ff00
1010,1044,0.0,0000ff
1011,1012,0.00326,02ff00
1011,1045,0.019864,0aff00
1012,1013,0.00326,02ff00
1012,1046,0.0,0000ff
1013,1014,0.00326,02ff00
1013,1047,0.0,0000ff
1014,1015,0.115202,3bff00
1014,1048,0.015123,08ff00
1015,1016,0.39321,c9ff00
1015,1049,0.226145,73ff00
1016,1017,0.402647,cdff00
1016,1050,0.08756,2dff00
1017,1018,0.407625,d0ff00
1017,1051,0.0,0000ff
1018,1019,0.410466,d1ff00
1018,1052,0.0,0000ff
1019,986,0.400391,ccff00
1019,1053,0.0,0000ff
1020,1021,0.30387,9bff00
1020,1054,0.0,0000ff
1021,1022,0.312672,9fff00
1021,1055,0.0,0000ff
1022,1023,0.304854,9bff00
1022,1056,0.0,0000ff
1023,1024,0.297095,98ff00
1023,1057,0.0,0000ff
1024,1025,0.432669,ddff00
1024,1058,0.043365,16ff00
1025,1026,0.266361,88ff00
1025,1059,0.115114,3bff00
1026,1027,0.246029,7dff00
1026,1060,0.01293,07ff00
1027,1028,0.332362,aaff00
1027,1061,0.000688,00ff00
1028,1029,0.322364,a4ff00
1028,1062,0.521924,fff400
1029,1030,0.443034,e2ff00
1029,1063,0.127996,41ff00
1030,1031,0.451576,e6ff00
1030,1064,0.008335,04ff00
1031,1032,0.337187,acff00
1031,1065,0.014378,07ff00
1032,1033,0.206903,6aff00
1032,1066,0.032253,10ff00
1033,1034,0.219828,70ff00
1033,1067,0.000803,00ff00
1034,1035,0.224301,72ff00
1034,1068,0.0,0000ff
1035,1036,0.229536,75ff00
1035,1069,0.0,0000ff
1036,1037,0.231002,76ff00
1036,1070,0.0,0000ff
1037,1038,0.105984,36ff00
1037,1071,0.0,0000ff
1038,1039,0.111298,39ff00
1038,1072,0.0,0000ff
1039,1040,0.106379,36ff00
1039,1073,0.0,0000ff
1040,1041,0.099611,33ff00
1040,1074,0.0,0000ff
1041,1042,0.06155,1fff00
1041,1075,0.045943,17ff00
1042,1043,0.054955,1cff00
1042,1076,0.014346,07ff00
1043,1044,0.055552,1cff00
1043,1077,0.0,0000ff
1044,1045,0.056719,1dff00
1044,1078,0.0,0000ff
1045,1046,0.038435,14ff00
1045,1079,0.030909,10ff00
1046,1047,0.038596,14ff00
1046,1080,0.0,0000ff
1047,1048,0.038462,14ff00
1047,1081,0.0,0000ff
1048,1049,0.060761,1fff00
1048,1082,0.015123,08ff00
1049,1050,0.312419,9fff00
1049,1083,0.330774,a9ff00
1050,1051,0.309875,9eff00
1050,1084,0.083036,2aff00
1051,1052,0.31323,a0ff00
1051,1085,0.0,0000ff
1052,1053,0.31121,9fff00
1052,1086,0.0,0000ff
1053,1020,0.302423,9aff00
1053,1087,0.0,0000ff
1054,1055,0.386592,c5ff00
1054,1088,0.0,0000ff
1055,1056,0.380118,c2ff00
1055,1089,0.0,0000ff
1056,1057,0.371756,beff00
1056,1090,0.0,0000ff
1057,1058,0.187893,60ff00
1057,1091,0.007565,04ff00
1058,1059,0.171523,57ff00
1058,1092,0.036961,13ff00
1059,1060,0.334702,abff00
1059,1093,0.103242,35ff00
1060,1061,0.32464,a6ff00
1060,1094,0.0,0000ff
1061,1062,0.34059,aeff00
1061,1095,0.0,0000ff
1062,1063,0.312203,9fff00
1062,1096,0.616647,ffc400
1063,1064,0.382076,c3ff00
1063,1097,0.068719,23ff00
1064,1065,0.180092,5cff00
1064,1098,0.0,0000ff
1065,1066,0.0,0000ff
1065,1099,0.009988,05ff00
1066,1067,0.004589,02ff00
1066,1100,0.018538,09ff00
1067,1068,0.004722,02ff00
1067,1101,0.000803,00ff00
1068,1069,0.004752,02ff00
1068,1102,0.0,0000ff
1069,1070,0.004921,03ff00
1069,1103,0.0,0000ff
1070,1071,0.004975,03ff00
1070,1104,0.0,0000ff
1071,1072,0.004975,03ff00
1071,1105,0.0,0000ff
1072,1073,0.004975,03ff00
1072,1106,0.0,0000ff
1073,1074,0.005755,03ff00
1073,1107,0.0,0000ff
1074,1075,0.005755,03ff00
1074,1108,0.0,0000ff
1075,1076,0.005755,03ff00
1075,1109,0.045909,17ff00
1076,1077,0.005755,03ff00
1076,1110,0.017443,09ff00
1077,1078,0.005703,03ff00
1077,1111,0.0,0000ff
1078,1079,0.005703,03ff00
1078,1112,0.0,0000ff
1079,1080,0.0,0000ff
1079,1113,0.034392,12ff00
1080,1081,0.0,0000ff
1080,1114,0.0,0000ff
1081,1082,0.083153,2aff00
1081,1115,0.0,0000ff
1082,1083,0.179331,5bff00
1082,1116,0.089865,2eff00
1083,1084,0.366237,bbff00
1083,1117,0.142401,49ff00
1084,1085,0.425007,d9ff00
1084,1118,0.024691,0dff00
1085,1086,0.426696,daff00
1085,1119,0.0,0000ff
1086,1087,0.417543,d5ff00
1086,1120,0.0,0000ff
1087,1054,0.400294,ccff00
1087,1121,0.0,0000ff
1088,1089,0.27734,8dff00
1088,1122,0.0,0000ff
1089,1090,0.271176,8aff00
1089,1123,0.0,0000ff
1090,1091,0.271253,8aff00
1090,1124,0.0,0000ff
1091,1092,0.214239,6dff00
1091,1125,0.004645,02ff00
1092,1093,0.321506,a4ff00
1092,1126,0.0,0000ff
1093,1094,0.319505,a3ff00
1093,1127,0.039071,14ff00
1094,1095,0.330768,a9ff00
1094,1128,0.06141,1fff00
1095,1096,0.26214,86ff00
1095,1129,0.065932,22ff00
1096,1097,0.258819,84ff00
1096,1130,0.61272,ffc600
1097,1098,0.266582,88ff00
1097,1131,0.049617,19ff00
1098,1099,0.135393,45ff00
1098,1132,0.0,0000ff
1099,1100,0.000803,00ff00
1099,1133,0.07891,28ff00
1100,1101,0.046942,18ff00
1100,1134,0.06632,22ff00
1101,1102,0.046985,18ff00
1101,1135,0.0,0000ff
1102,1103,0.047115,18ff00
1102,1136,0.0,0000ff
1103,1104,0.058013,1eff00
1103,1137,0.0,0000ff
1104,1105,0.056026,1dff00
1104,1138,0.0,0000ff
1105,1106,0.047142,18ff00
1105,1139,0.0,0000ff
1106,1107,0.035566,12ff00
1106,1140,0.0,0000ff
1107,1108,0.035566,12ff00
1107,1141,0.0,0000ff
1108,1109,0.035566,12ff00
1108,1142,0.0,0000ff
1109,1110,0.039603,14ff00
1109,1143,0.045874,17ff00
1110,1111,0.033803,11ff00
1110,1144,0.032297,10ff00
1111,1112,0.044472,17ff00
1111,1145,0.0,0000ff
1112,1113,0.019303,0aff00
1112,1146,0.025078,0dff00
1113,1114,0.034608,12ff00
1113,1147,0.020279,0aff00
1114,1115,0.0,0000ff
1114,1148,0.0,0000ff
1115,1116,0.117241,3cff00
1115,1149,0.047837,18ff00
1116,1117,0.183981,5eff00
1116,1150,0.048135,19ff00
1117,1118,0.243925,7cff00
1117,1151,0.068605,23ff00
1118,1119,0.257685,83ff00
1118,1152,0.01175,06ff00
1119,1120,0.250711,80ff00
1119,1153,0.0,0000ff
1120,1121,0.238404,7aff00
1120,1154,0.0,0000ff
1121,1088,0.265704,88ff00
1121,1155,0.0,0000ff
1122,1123,0.161626,52ff00
1122,0,0.0,0000ff
1123,1124,0.141578,48ff00
1123,1,0.0,0000ff
1124,1125,0.131193,43ff00
1124,2,0.0,0000ff
1125,1126,0.117506,3cff00
1125,3,0.0148,08ff00
1126,1127,0.332021,a9ff00
1126,4,0.059015,1eff00
1127,1128,0.312226,9fff00
1127,5,0.134628,45ff00
1128,1129,0.277027,8dff00
1128,6,0.078064,28ff00
1129,1130,0.233893,77ff00
1129,7,0.113368,3aff00
1130,1131,0.369622,bdff00
1130,8,0.47712,f3ff00
1131,1132,0.204135,68ff00
1131,9,0.010465,05ff00
1132,1133,0.184026,5eff00
1132,10,0.070549,24ff00
1133,1134,0.0,0000ff
1133,11,0.111969,39ff00
1134,1135,0.012642,06ff00
1134,12,0.06632,22ff00
1135,1136,0.012642,06ff00
1135,13,0.0,0000ff
1136,1137,0.012642,06ff00
1136,14,0.0,0000ff
1137,1138,0.012642,06ff00
1137,15,0.0,0000ff
1138,1139,0.012642,06ff00
1138,16,0.0,0000ff
1139,1140,0.012642,06ff00
1139,17,0.0,0000ff
1140,1141,0.012642,06ff00
1140,18,0.0,0000ff
1141,1142,0.012629,06ff00
1141,19,0.0,0000ff
1142,1143,0.012621,06ff00
1142,20,0.0,0000ff
1143,1144,0.012614,06ff00
1143,21,0.045844,17ff00
1144,1145,0.01239,06ff00
1144,22,0.035109,12ff00
1145,1146,0.01239,06ff00
1145,23,0.0,0000ff
1146,1147,0.01239,06ff00
1146,24,0.025078,0dff00
1147,1148,0.040294,15ff00
1147,25,0.064307,21ff00
1148,1149,0.034443,12ff00
1148,26,0.0,0000ff
1149,1150,0.074709,26ff00
1149,27,0.0,0000ff
1150,1151,0.13155,43ff00
1150,28,0.014339,07ff00
1151,1152,0.169642,57ff00
1151,29,0.03195,10ff00
1152,1153,0.169933,57ff00
1152,30,0.0,0000ff
1153,1154,0.163184,53ff00
1153,31,0.0,0000ff
1154,1155,0.164052,54ff00
1154,32,0.0,0000ff
1155,1122,0.1695,56ff00
1155,33,0.0,0000ff
