0,1,0.103464,35ff00
0,34,0.0,0000ff
1,2,0.103464,35ff00
1,35,0.0,0000ff
2,3,0.103464,35ff00
2,36,0.0,0000ff
3,4,0.189479,61ff00
3,37,0.044353,17ff00
4,5,0.197862,65ff00
4,38,0.12488,40ff00
5,6,0.131504,43ff00
5,39,0.07596,27ff00
6,7,0.07272,25ff00
6,40,0.163328,53ff00
7,8,0.07608,27ff00
7,41,0.192128,62ff00
8,9,0.199871,66ff00
8,42,0.245399,7dff00
9,10,0.194351,63ff00
9,43,0.0,0000ff
10,11,0.088693,2dff00
10,44,0.173592,59ff00
11,12,0.12392,3fff00
11,45,0.07016,24ff00
12,13,0.167736,56ff00
12,46,0.100112,33ff00
13,14,0.156264,50ff00
13,47,0.0,0000ff
14,15,0.164696,54ff00
14,48,0.0,0000ff
15,16,0.17304,58ff00
15,49,0.0,0000ff
16,17,0.184728,5eff00
16,50,0.0,0000ff
17,18,0.201936,67ff00
17,51,0.0,0000ff
18,19,0.229904,75ff00
18,52,0.0,0000ff
19,20,0.224136,72ff00
19,53,0.0,0000ff
20,21,0.212664,6cff00
20,54,0.0,0000ff
21,22,0.000432,00ff00
21,55,0.034632,12ff00
22,23,0.127056,41ff00
22,56,0.071781,25ff00
23,24,0.126624,41ff00
23,57,0.0,0000ff
24,25,0.144048,49ff00
24,58,0.0408,15ff00
25,26,0.050142,1aff00
25,59,0.0,0000ff
26,27,0.093944,30ff00
26,60,0.210024,6bff00
27,28,0.093944,30ff00
27,61,0.0,0000ff
28,29,0.09968,33ff00
28,62,0.041016,15ff00
29,30,0.116424,3bff00
29,63,0.028896,0fff00
30,31,0.123532,3fff00
30,64,0.0,0000ff
31,32,0.115928,3bff00
31,65,0.0,0000ff
32,33,0.114936,3bff00
32,66,0.0,0000ff
33,0,0.1092,38ff00
33,67,0.0,0000ff
34,35,0.005736,03ff00
34,68,0.0,0000ff
35,36,0.157192,50ff00
35,69,0.0,0000ff
36,37,0.13534,45ff00
36,70,0.0,0000ff
37,38,0.08768,2dff00
37,71,0.0,0000ff
38,39,0.022944,0cff00
38,72,0.06588,22ff00
39,40,0.0,0000ff
39,73,0.093384,30ff00
40,41,0.0,0000ff
40,74,0.153359,4eff00
41,42,0.0,0000ff
41,75,0.18922,61ff00
42,43,0.035344,12ff00
42,76,0.05912,1eff00
43,44,0.122656,3fff00
43,77,0.069576,23ff00
44,45,0.225836,73ff00
44,78,0.123264,3fff00
45,46,0.260843,85ff00
45,79,0.05252,1bff00
46,47,0.306317,9cff00
46,80,0.082376,2aff00
47,48,0.329341,a8ff00
47,81,0.0,0000ff
48,49,0.313049,a0ff00
48,82,0.0,0000ff
49,50,0.332239,a9ff00
49,83,0.0,0000ff
50,51,0.349015,b2ff00
50,84,0.0,0000ff
51,52,0.337543,acff00
51,85,0.0,0000ff
52,53,0.34526,b0ff00
52,86,0.0,0000ff
53,54,0.349135,b2ff00
53,87,0.0,0000ff
54,55,0.0,0000ff
54,88,0.040152,14ff00
55,56,0.341096,aeff00
55,89,0.268391,89ff00
56,57,0.218832,70ff00
56,90,0.140968,48ff00
57,58,0.21288,6dff00
57,91,0.0,0000ff
58,59,0.108435,37ff00
58,92,0.0,0000ff
59,60,0.0,0000ff
59,93,0.107015,37ff00
60,61,0.0,0000ff
60,94,0.201385,67ff00
61,62,0.0,0000ff
61,95,0.0,0000ff
62,63,0.005736,03ff00
62,96,0.052488,1bff00
63,64,0.005736,03ff00
63,97,0.028896,0fff00
64,65,0.005736,03ff00
64,98,0.0,0000ff
65,66,0.005736,03ff00
65,99,0.0,0000ff
66,67,0.005736,03ff00
66,100,0.0,0000ff
67,34,0.005736,03ff00
67,101,0.0,0000ff
68,69,0.0,0000ff
68,102,0.0,0000ff
69,70,0.23604,78ff00
69,103,0.0,0000ff
70,71,0.241776,7bff00
70,104,0.0,0000ff
71,72,0.247512,7eff00
71,105,0.0,0000ff
72,73,0.247512,7eff00
72,106,0.066096,22ff00
73,74,0.195456,64ff00
73,107,0.145224,4aff00
74,75,0.126408,40ff00
74,108,0.178896,5bff00
75,76,0.074568,26ff00
75,109,0.011688,06ff00
76,77,0.057856,1eff00
76,110,0.0878,2dff00
77,78,0.074568,26ff00
77,111,0.040896,15ff00
78,79,0.150216,4dff00
78,112,0.047616,18ff00
79,80,0.20252,67ff00
79,113,0.02316,0cff00
80,81,0.243168,7cff00
80,114,0.048907,19ff00
81,82,0.242952,7cff00
81,115,0.0,0000ff
82,83,0.265986,88ff00
82,116,0.0,0000ff
83,84,0.266111,88ff00
83,117,0.0,0000ff
84,85,0.266111,88ff00
84,118,0.0,0000ff
85,86,0.249119,7fff00
85,119,0.0,0000ff
86,87,0.237648,79ff00
86,120,0.0,0000ff
87,88,0.237864,79ff00
87,121,0.0,0000ff
88,89,0.233185,77ff00
88,122,0.040584,15ff00
89,90,0.011688,06ff00
89,123,0.11096,39ff00
90,91,0.052488,1bff00
90,124,0.074791,26ff00
91,92,0.052488,1bff00
91,125,0.0,0000ff
92,93,0.041016,15ff00
92,126,0.0,0000ff
93,94,0.052488,1bff00
93,127,0.098439,32ff00
94,95,0.07056,24ff00
94,128,0.140544,48ff00
95,96,0.076296,27ff00
95,129,0.0,0000ff
96,97,0.105624,36ff00
96,130,0.017424,09ff00
97,98,0.142724,49ff00
97,131,0.000216,00ff00
98,99,0.141256,48ff00
98,132,0.0,0000ff
99,100,0.162552,53ff00
99,133,0.023808,0cff00
100,101,0.179544,5cff00
100,134,0.0,0000ff
101,68,0.1743,59ff00
101,135,0.0,0000ff
102,103,0.0,0000ff
102,136,0.0,0000ff
103,104,0.0,0000ff
103,137,0.0,0000ff
104,105,0.0,0000ff
104,138,0.0,0000ff
105,106,0.0,0000ff
105,139,0.0,0000ff
106,107,0.0,0000ff
106,140,0.066312,22ff00
107,108,0.0,0000ff
107,141,0.145224,4aff00
108,109,0.0,0000ff
108,142,0.13344,44ff00
109,110,0.20784,6aff00
109,143,0.011688,06ff00
110,111,0.1694,56ff00
110,144,0.279343,8eff00
111,112,0.175136,59ff00
111,145,0.03229,10ff00
112,113,0.210695,6bff00
112,146,0.023376,0cff00
113,114,0.227773,74ff00
113,147,0.017208,09ff00
114,115,0.247087,7eff00
114,148,0.0,0000ff
115,116,0.236271,78ff00
115,149,0.0,0000ff
116,117,0.270575,8aff00
116,150,0.0,0000ff
117,118,0.261919,86ff00
117,151,0.0,0000ff
118,119,0.294184,96ff00
118,152,0.0,0000ff
119,120,0.298879,98ff00
119,153,0.0,0000ff
120,121,0.316395,a1ff00
120,154,0.0,0000ff
121,122,0.321639,a4ff00
121,155,0.0,0000ff
122,123,0.139304,47ff00
122,156,0.000216,00ff00
123,124,0.353296,b4ff00
123,157,0.135016,45ff00
124,125,0.223679,72ff00
124,158,0.040584,15ff00
125,126,0.223463,72ff00
125,159,0.0,0000ff
126,127,0.229199,75ff00
126,160,0.0,0000ff
127,128,0.0,0000ff
127,161,0.283135,90ff00
128,129,0.0,0000ff
128,162,0.134902,45ff00
129,130,0.0,0000ff
129,163,0.0,0000ff
130,131,0.0,0000ff
130,164,0.017424,09ff00
131,132,0.0,0000ff
131,165,0.000216,00ff00
132,133,0.0,0000ff
132,166,0.0,0000ff
133,134,0.0,0000ff
133,167,0.023808,0cff00
134,135,0.0,0000ff
134,168,0.0,0000ff
135,102,0.0,0000ff
135,169,0.0,0000ff
136,137,0.151208,4dff00
136,170,0.0,0000ff
137,138,0.139736,47ff00
137,171,0.0,0000ff
138,139,0.12913,42ff00
138,172,0.0,0000ff
139,140,0.122528,3eff00
139,173,0.0,0000ff
140,141,0.069289,23ff00
140,174,0.005952,03ff00
141,142,0.032861,11ff00
141,175,0.075808,27ff00
142,143,0.017856,09ff00
142,176,0.06396,21ff00
143,144,0.145992,4aff00
143,177,0.0,0000ff
144,145,0.191409,62ff00
144,178,0.257543,83ff00
145,146,0.223614,72ff00
145,179,0.023376,0cff00
146,147,0.232933,77ff00
146,180,0.023376,0cff00
147,148,0.273746,8cff00
147,181,0.005736,03ff00
148,149,0.252574,81ff00
148,182,0.0,0000ff
149,150,0.236472,79ff00
149,183,0.0,0000ff
150,151,0.175571,5aff00
150,184,0.0,0000ff
151,152,0.167855,56ff00
151,185,0.0,0000ff
152,153,0.157592,50ff00
152,186,0.0,0000ff
153,154,0.163112,53ff00
153,187,0.0,0000ff
154,155,0.168848,56ff00
154,188,0.0,0000ff
155,156,0.165627,54ff00
155,189,0.0,0000ff
156,157,0.163112,53ff00
156,190,0.040368,15ff00
157,158,0.327173,a7ff00
157,191,0.232311,76ff00
158,159,0.034416,12ff00
158,192,0.0,0000ff
159,160,0.128272,41ff00
159,193,0.0,0000ff
160,161,0.112024,39ff00
160,194,0.0,0000ff
161,162,0.0,0000ff
161,195,0.423221,d8ff00
162,163,0.0,0000ff
162,196,0.14628,4bff00
163,164,0.0,0000ff
163,197,0.0,0000ff
164,165,0.0,0000ff
164,198,0.017424,09ff00
165,166,0.0,0000ff
165,199,0.000216,00ff00
166,167,0.0,0000ff
166,200,0.0,0000ff
167,168,0.208072,6aff00
167,201,0.0,0000ff
168,169,0.208568,6aff00
168,202,0.0,0000ff
169,136,0.173936,59ff00
169,203,0.0,0000ff
170,171,0.347503,b1ff00
170,204,0.0,0000ff
171,172,0.352419,b4ff00
171,205,0.0,0000ff
172,173,0.342695,afff00
172,206,0.0,0000ff
173,174,0.330842,a9ff00
173,207,0.0,0000ff
174,175,0.301215,9aff00
174,208,0.02316,0cff00
175,176,0.222643,72ff00
175,209,0.151328,4dff00
176,177,0.088448,2dff00
176,210,0.08712,2cff00
177,178,0.093504,30ff00
177,211,0.0,0000ff
178,179,0.279085,8eff00
178,212,0.123518,3fff00
179,180,0.256495,83ff00
179,213,0.0,0000ff
180,181,0.266965,88ff00
180,214,0.0,0000ff
181,182,0.246348,7eff00
181,215,0.0,0000ff
182,183,0.264183,87ff00
182,216,0.0,0000ff
183,184,0.205711,69ff00
183,217,0.0,0000ff
184,185,0.315774,a1ff00
184,218,0.0,0000ff
185,186,0.322301,a4ff00
185,219,0.0,0000ff
186,187,0.355534,b5ff00
186,220,0.0,0000ff
187,188,0.374095,bfff00
187,221,0.0,0000ff
188,189,0.397039,caff00
188,222,0.0,0000ff
189,190,0.379615,c2ff00
189,223,0.0,0000ff
190,191,0.334807,abff00
190,224,0.0,0000ff
191,192,0.053264,1bff00
191,225,0.0,0000ff
192,193,0.118608,3cff00
192,226,0.0,0000ff
193,194,0.111704,39ff00
193,227,0.0,0000ff
194,195,0.102328,34ff00
194,228,0.0,0000ff
195,196,0.174488,59ff00
195,229,0.446927,e4ff00
196,197,0.225776,73ff00
196,230,0.087432,2dff00
197,198,0.202451,67ff00
197,231,0.0,0000ff
198,199,0.272799,8bff00
198,232,0.08052,29ff00
199,200,0.284535,91ff00
199,233,0.0,0000ff
200,201,0.23505,78ff00
200,234,0.0,0000ff
201,202,0.336277,acff00
201,235,0.01764,09ff00
202,203,0.359407,b7ff00
202,236,0.0,0000ff
203,170,0.342199,afff00
203,237,0.0,0000ff
204,205,0.506631,fffc00
204,238,0.0,0000ff
205,206,0.490645,faff00
205,239,0.0,0000ff
206,207,0.495635,fdff00
206,240,0.0,0000ff
207,208,0.480563,f5ff00
207,241,0.0,0000ff
208,209,0.296551,97ff00
208,242,0.107218,37ff00
209,210,0.21008,6bff00
209,243,0.075864,27ff00
210,211,0.052584,1bff00
210,244,0.081026,29ff00
211,212,0.052584,1bff00
211,245,0.0,0000ff
212,213,0.11824,3cff00
212,246,0.0,0000ff
213,214,0.118672,3dff00
213,247,0.0,0000ff
214,215,0.106984,37ff00
214,248,0.0,0000ff
215,216,0.12308,3fff00
215,249,0.0,0000ff
216,217,0.134189,44ff00
216,250,0.0,0000ff
217,218,0.135232,45ff00
217,251,0.0,0000ff
218,219,0.140536,48ff00
218,252,0.0,0000ff
219,220,0.140536,48ff00
219,253,0.0,0000ff
220,221,0.129064,42ff00
220,254,0.0,0000ff
221,222,0.129496,42ff00
221,255,0.0,0000ff
222,223,0.12376,3fff00
222,256,0.0,0000ff
223,224,0.1352,45ff00
223,257,0.0,0000ff
224,225,0.112688,39ff00
224,258,0.0,0000ff
225,226,0.0,0000ff
225,259,0.0,0000ff
226,227,0.189415,61ff00
226,260,0.0,0000ff
227,228,0.171245,57ff00
227,261,0.0,0000ff
228,229,0.152291,4eff00
228,262,0.0,0000ff
229,230,0.455485,e8ff00
229,263,0.129216,42ff00
230,231,0.471282,f0ff00
230,264,0.034416,12ff00
231,232,0.480151,f5ff00
231,265,0.0,0000ff
232,233,0.542118,ffea00
232,266,0.126408,40ff00
233,234,0.219815,70ff00
233,267,0.0,0000ff
234,235,0.41265,d2ff00
234,268,0.028896,0fff00
235,236,0.412743,d2ff00
235,269,0.0,0000ff
236,237,0.399145,ccff00
236,270,0.0,0000ff
237,204,0.309783,9eff00
237,271,0.0,0000ff
238,239,0.034848,12ff00
238,272,0.0,0000ff
239,240,0.03488,12ff00
239,273,0.0,0000ff
240,241,0.01792,09ff00
240,274,0.0,0000ff
241,242,0.030393,10ff00
241,275,0.0,0000ff
242,243,0.0,0000ff
242,276,0.0,0000ff
243,244,0.0,0000ff
243,277,0.0,0000ff
244,245,0.0,0000ff
244,278,0.109416,38ff00
245,246,0.0,0000ff
245,279,0.0,0000ff
246,247,0.0,0000ff
246,280,0.0,0000ff
247,248,0.0,0000ff
247,281,0.0,0000ff
248,249,0.0,0000ff
248,282,0.0,0000ff
249,250,0.0,0000ff
249,283,0.0,0000ff
250,251,0.0,0000ff
250,284,0.0,0000ff
251,252,0.0,0000ff
251,285,0.0,0000ff
252,253,0.0,0000ff
252,286,0.0,0000ff
253,254,0.0,0000ff
253,287,0.0,0000ff
254,255,0.0,0000ff
254,288,0.0,0000ff
255,256,0.0,0000ff
255,289,0.0,0000ff
256,257,0.0,0000ff
256,290,0.0,0000ff
257,258,0.0,0000ff
257,291,0.0,0000ff
258,259,0.0,0000ff
258,292,0.0,0000ff
259,260,0.0,0000ff
259,293,0.0,0000ff
260,261,0.0,0000ff
260,294,0.0,0000ff
261,262,0.0,0000ff
261,295,0.0,0000ff
262,263,0.0,0000ff
262,296,0.0,0000ff
263,264,0.0,0000ff
263,297,0.139505,47ff00
264,265,0.0,0000ff
264,298,0.034416,12ff00
265,266,0.0,0000ff
265,299,0.0,0000ff
266,267,0.03528,12ff00
266,300,0.150216,4dff00
267,268,0.03528,12ff00
267,301,0.0,0000ff
268,269,0.046536,18ff00
268,302,0.040368,15ff00
269,270,0.046536,18ff00
269,303,0.0,0000ff
270,271,0.035064,12ff00
270,304,0.0,0000ff
271,238,0.034848,12ff00
271,305,0.0,0000ff
272,273,0.160389,52ff00
272,306,0.0,0000ff
273,274,0.143616,49ff00
273,307,0.0,0000ff
274,275,0.143616,49ff00
274,308,0.0,0000ff
275,276,0.1092,38ff00
275,309,0.0,0000ff
276,277,0.103464,35ff00
276,310,0.0,0000ff
277,278,0.115152,3bff00
277,311,0.0,0000ff
278,279,0.0,0000ff
278,312,0.0,0000ff
279,280,0.0,0000ff
279,313,0.0,0000ff
280,281,0.0,0000ff
280,314,0.0,0000ff
281,282,0.0,0000ff
281,315,0.0,0000ff
282,283,0.0,0000ff
282,316,0.0,0000ff
283,284,0.0,0000ff
283,317,0.0,0000ff
284,285,0.0,0000ff
284,318,0.0,0000ff
285,286,0.0,0000ff
285,319,0.0,0000ff
286,287,0.0,0000ff
286,320,0.0,0000ff
287,288,0.0,0000ff
287,321,0.0,0000ff
288,289,0.0,0000ff
288,322,0.0,0000ff
289,290,0.0,0000ff
289,323,0.0,0000ff
290,291,0.0,0000ff
290,324,0.0,0000ff
291,292,0.0,0000ff
291,325,0.0,0000ff
292,293,0.0,0000ff
292,326,0.0,0000ff
293,294,0.0,0000ff
293,327,0.0,0000ff
294,295,0.0,0000ff
294,328,0.0,0000ff
295,296,0.0,0000ff
295,329,0.0,0000ff
296,297,0.0,0000ff
296,330,0.0,0000ff
297,298,0.0,0000ff
297,331,0.145113,4aff00
298,299,0.0,0000ff
298,332,0.034416,12ff00
299,300,0.0,0000ff
299,333,0.0,0000ff
300,301,0.183552,5eff00
300,334,0.069696,24ff00
301,302,0.183552,5eff00
301,335,0.0,0000ff
302,303,0.183552,5eff00
302,336,0.040368,15ff00
303,304,0.183552,5eff00
303,337,0.0,0000ff
304,305,0.183552,5eff00
304,338,0.0,0000ff
305,272,0.183552,5eff00
305,339,0.0,0000ff
306,307,0.02868,0fff00
306,340,0.0,0000ff
307,308,0.017208,09ff00
307,341,0.0,0000ff
308,309,0.017208,09ff00
308,342,0.0,0000ff
309,310,0.017208,09ff00
309,343,0.0,0000ff
310,311,0.0,0000ff
310,344,0.0,0000ff
311,312,0.0,0000ff
311,345,0.0,0000ff
312,313,0.0,0000ff
312,346,0.0,0000ff
313,314,0.0,0000ff
313,347,0.0,0000ff
314,315,0.0,0000ff
314,348,0.0,0000ff
315,316,0.0,0000ff
315,349,0.0,0000ff
316,317,0.0,0000ff
316,350,0.0,0000ff
317,318,0.0,0000ff
317,351,0.0,0000ff
318,319,0.0,0000ff
318,352,0.0,0000ff
319,320,0.0,0000ff
319,353,0.0,0000ff
320,321,0.0,0000ff
320,354,0.0,0000ff
321,322,0.0,0000ff
321,355,0.0,0000ff
322,323,0.0,0000ff
322,356,0.0,0000ff
323,324,0.0,0000ff
323,357,0.0,0000ff
324,325,0.0,0000ff
324,358,0.0,0000ff
325,326,0.0,0000ff
325,359,0.0,0000ff
326,327,0.0,0000ff
326,360,0.0,0000ff
327,328,0.0,0000ff
327,361,0.0,0000ff
328,329,0.0,0000ff
328,362,0.0,0000ff
329,330,0.0,0000ff
329,363,0.0,0000ff
330,331,0.0,0000ff
330,364,0.0,0000ff
331,332,0.167341,55ff00
331,365,0.0,0000ff
332,333,0.0,0000ff
332,366,0.0,0000ff
333,334,0.034416,12ff00
333,367,0.0,0000ff
334,335,0.034416,12ff00
334,368,0.075,26ff00
335,336,0.034416,12ff00
335,369,0.0,0000ff
336,337,0.036621,13ff00
336,370,0.040368,15ff00
337,338,0.039598,14ff00
337,371,0.0,0000ff
338,339,0.02868,0fff00
338,372,0.0,0000ff
339,306,0.02868,0fff00
339,373,0.0,0000ff
340,341,0.0,0000ff
340,374,0.0,0000ff
341,342,0.0,0000ff
341,375,0.0,0000ff
342,343,0.0,0000ff
342,376,0.0,0000ff
343,344,0.0,0000ff
343,377,0.0,0000ff
344,345,0.0,0000ff
344,378,0.0,0000ff
345,346,0.0,0000ff
345,379,0.0,0000ff
346,347,0.0,0000ff
346,380,0.0,0000ff
347,348,0.0,0000ff
347,381,0.0,0000ff
348,349,0.0,0000ff
348,382,0.0,0000ff
349,350,0.0,0000ff
349,383,0.0,0000ff
350,351,0.0,0000ff
350,384,0.0,0000ff
351,352,0.0,0000ff
351,385,0.0,0000ff
352,353,0.0,0000ff
352,386,0.0,0000ff
353,354,0.0,0000ff
353,387,0.0,0000ff
354,355,0.0,0000ff
354,388,0.0,0000ff
355,356,0.0,0000ff
355,389,0.0,0000ff
356,357,0.0,0000ff
356,390,0.0,0000ff
357,358,0.0,0000ff
357,391,0.0,0000ff
358,359,0.0,0000ff
358,392,0.0,0000ff
359,360,0.0,0000ff
359,393,0.0,0000ff
360,361,0.0,0000ff
360,394,0.0,0000ff
361,362,0.0,0000ff
361,395,0.0,0000ff
362,363,0.0,0000ff
362,396,0.0,0000ff
363,364,0.0,0000ff
363,397,0.0,0000ff
364,365,0.0,0000ff
364,398,0.0,0000ff
365,366,0.0,0000ff
365,399,0.0,0000ff
366,367,0.0,0000ff
366,400,0.0,0000ff
367,368,0.0,0000ff
367,401,0.0,0000ff
368,369,0.0,0000ff
368,402,0.075,26ff00
369,370,0.0,0000ff
369,403,0.0,0000ff
370,371,0.0,0000ff
370,404,0.040368,15ff00
371,372,0.0,0000ff
371,405,0.0,0000ff
372,373,0.0,0000ff
372,406,0.0,0000ff
373,340,0.0,0000ff
373,407,0.0,0000ff
374,375,0.0,0000ff
374,408,0.0,0000ff
375,376,0.0,0000ff
375,409,0.0,0000ff
376,377,0.0,0000ff
376,410,0.0,0000ff
377,378,0.0,0000ff
377,411,0.0,0000ff
378,379,0.0,0000ff
378,412,0.0,0000ff
379,380,0.0,0000ff
379,413,0.0,0000ff
380,381,0.0,0000ff
380,414,0.0,0000ff
381,382,0.0,0000ff
381,415,0.0,0000ff
382,383,0.0,0000ff
382,416,0.0,0000ff
383,384,0.0,0000ff
383,417,0.0,0000ff
384,385,0.0,0000ff
384,418,0.0,0000ff
385,386,0.0,0000ff
385,419,0.0,0000ff
386,387,0.0,0000ff
386,420,0.0,0000ff
387,388,0.0,0000ff
387,421,0.0,0000ff
388,389,0.0,0000ff
388,422,0.0,0000ff
389,390,0.0,0000ff
389,423,0.0,0000ff
390,391,0.0,0000ff
390,424,0.0,0000ff
391,392,0.0,0000ff
391,425,0.0,0000ff
392,393,0.0,0000ff
392,426,0.0,0000ff
393,394,0.0,0000ff
393,427,0.0,0000ff
394,395,0.0,0000ff
394,428,0.0,0000ff
395,396,0.0,0000ff
395,429,0.0,0000ff
396,397,0.0,0000ff
396,430,0.0,0000ff
397,398,0.0,0000ff
397,431,0.0,0000ff
398,399,0.0,0000ff
398,432,0.0,0000ff
399,400,0.0,0000ff
399,433,0.0,0000ff
400,401,0.0,0000ff
400,434,0.017456,09ff00
401,402,0.0,0000ff
401,435,0.0,0000ff
402,403,0.0,0000ff
402,436,0.098808,32ff00
403,404,0.0,0000ff
403,437,0.0,0000ff
404,405,0.0,0000ff
404,438,0.040368,15ff00
405,406,0.0,0000ff
405,439,0.0,0000ff
406,407,0.0,0000ff
406,440,0.0,0000ff
407,374,0.0,0000ff
407,441,0.0,0000ff
408,409,0.0,0000ff
408,442,0.0,0000ff
409,410,0.0,0000ff
409,443,0.0,0000ff
410,411,0.0,0000ff
410,444,0.0,0000ff
411,412,0.0,0000ff
411,445,0.0,0000ff
412,413,0.0,0000ff
412,446,0.0,0000ff
413,414,0.0,0000ff
413,447,0.0,0000ff
414,415,0.0,0000ff
414,448,0.0,0000ff
415,416,0.0,0000ff
415,449,0.0,0000ff
416,417,0.0,0000ff
416,450,0.0,0000ff
417,418,0.0,0000ff
417,451,0.0,0000ff
418,419,0.0,0000ff
418,452,0.0,0000ff
419,420,0.0,0000ff
419,453,0.0,0000ff
420,421,0.0,0000ff
420,454,0.0,0000ff
421,422,0.0,0000ff
421,455,0.0,0000ff
422,423,0.0,0000ff
422,456,0.0,0000ff
423,424,0.0,0000ff
423,457,0.0,0000ff
424,425,0.0,0000ff
424,458,0.0,0000ff
425,426,0.0,0000ff
425,459,0.0,0000ff
426,427,0.0,0000ff
426,460,0.0,0000ff
427,428,0.0,0000ff
427,461,0.0,0000ff
428,429,0.0,0000ff
428,462,0.0,0000ff
429,430,0.0,0000ff
429,463,0.0,0000ff
430,431,0.0,0000ff
430,464,0.0,0000ff
431,432,0.0,0000ff
431,465,0.0,0000ff
432,433,0.0,0000ff
432,466,0.0,0000ff
433,434,0.0,0000ff
433,467,0.0,0000ff
434,435,0.0,0000ff
434,468,0.017456,09ff00
435,436,0.0,0000ff
435,469,0.0,0000ff
436,437,0.0,0000ff
436,470,0.098808,32ff00
437,438,0.0,0000ff
437,471,0.0,0000ff
438,439,0.0,0000ff
438,472,0.040368,15ff00
439,440,0.0,0000ff
439,473,0.0,0000ff
440,441,0.0,0000ff
440,474,0.0,0000ff
441,408,0.0,0000ff
441,475,0.0,0000ff
442,443,0.005736,03ff00
442,476,0.0,0000ff
443,444,0.005736,03ff00
443,477,0.0,0000ff
444,445,0.005736,03ff00
444,478,0.000216,00ff00
445,446,0.0,0000ff
445,479,0.005736,03ff00
446,447,0.0,0000ff
446,480,0.0,0000ff
447,448,0.0,0000ff
447,481,0.0,0000ff
448,449,0.0,0000ff
448,482,0.0,0000ff
449,450,0.0,0000ff
449,483,0.0,0000ff
450,451,0.0,0000ff
450,484,0.0,0000ff
451,452,0.0,0000ff
451,485,0.0,0000ff
452,453,0.0,0000ff
452,486,0.0,0000ff
453,454,0.0,0000ff
453,487,0.0,0000ff
454,455,0.0,0000ff
454,488,0.0,0000ff
455,456,0.0,0000ff
455,489,0.0,0000ff
456,457,0.0,0000ff
456,490,0.0,0000ff
457,458,0.0,0000ff
457,491,0.0,0000ff
458,459,0.0,0000ff
458,492,0.0,0000ff
459,460,0.0,0000ff
459,493,0.0,0000ff
460,461,0.0,0000ff
460,494,0.0,0000ff
461,462,0.0,0000ff
461,495,0.0,0000ff
462,463,0.0,0000ff
462,496,0.0,0000ff
463,464,0.0,0000ff
463,497,0.0,0000ff
464,465,0.0,0000ff
464,498,0.0,0000ff
465,466,0.0,0000ff
465,499,0.0,0000ff
466,467,0.0,0000ff
466,500,0.0,0000ff
467,468,0.0,0000ff
467,501,0.0,0000ff
468,469,0.017456,09ff00
468,502,0.000464,00ff00
469,470,0.017456,09ff00
469,503,0.0,0000ff
470,471,0.116264,3bff00
470,504,0.0,0000ff
471,472,0.11648,3bff00
471,505,0.0,0000ff
472,473,0.156848,50ff00
472,506,0.0,0000ff
473,474,0.156848,50ff00
473,507,0.0,0000ff
474,475,0.156848,50ff00
474,508,0.0,0000ff
475,442,0.0,0000ff
475,509,0.0,0000ff
476,477,0.0,0000ff
476,510,0.0,0000ff
477,478,0.0,0000ff
477,511,0.0,0000ff
478,479,0.0,0000ff
478,512,0.004189,02ff00
479,480,0.0,0000ff
479,513,0.005736,03ff00
480,481,0.0,0000ff
480,514,0.0,0000ff
481,482,0.0,0000ff
481,515,0.0,0000ff
482,483,0.0,0000ff
482,516,0.0,0000ff
483,484,0.0,0000ff
483,517,0.0,0000ff
484,485,0.0,0000ff
484,518,0.0,0000ff
485,486,0.0,0000ff
485,519,0.0,0000ff
486,487,0.0,0000ff
486,520,0.0,0000ff
487,488,0.0,0000ff
487,521,0.0,0000ff
488,489,0.0,0000ff
488,522,0.0,0000ff
489,490,0.0,0000ff
489,523,0.0,0000ff
490,491,0.0,0000ff
490,524,0.0,0000ff
491,492,0.0,0000ff
491,525,0.0,0000ff
492,493,0.0,0000ff
492,526,0.0,0000ff
493,494,0.0,0000ff
493,527,0.0,0000ff
494,495,0.0,0000ff
494,528,0.0,0000ff
495,496,0.0,0000ff
495,529,0.0,0000ff
496,497,0.0,0000ff
496,530,0.0,0000ff
497,498,0.0,0000ff
497,531,0.0,0000ff
498,499,0.0,0000ff
498,532,0.0,0000ff
499,500,0.0,0000ff
499,533,0.0,0000ff
500,501,0.011968,06ff00
500,534,0.0,0000ff
501,502,0.0,0000ff
501,535,0.011968,06ff00
502,503,0.0,0000ff
502,536,0.000464,00ff00
503,504,0.0,0000ff
503,537,0.0,0000ff
504,505,0.0,0000ff
504,538,0.0,0000ff
505,506,0.0,0000ff
505,539,0.0,0000ff
506,507,0.0,0000ff
506,540,0.0,0000ff
507,508,0.0,0000ff
507,541,0.0,0000ff
508,509,0.0,0000ff
508,542,0.0,0000ff
509,476,0.0,0000ff
509,543,0.0,0000ff
510,511,0.0,0000ff
510,544,0.0,0000ff
511,512,0.0,0000ff
511,545,0.0,0000ff
512,513,0.0,0000ff
512,546,0.005736,03ff00
513,514,0.0,0000ff
513,547,0.005736,03ff00
514,515,0.0,0000ff
514,548,0.0,0000ff
515,516,0.0,0000ff
515,549,0.0,0000ff
516,517,0.0,0000ff
516,550,0.0,0000ff
517,518,0.0,0000ff
517,551,0.0,0000ff
518,519,0.0,0000ff
518,552,0.0,0000ff
519,520,0.0,0000ff
519,553,0.0,0000ff
520,521,0.029112,0fff00
520,554,0.029112,0fff00
521,522,0.029112,0fff00
521,555,0.0,0000ff
522,523,0.029112,0fff00
522,556,0.0,0000ff
523,524,0.029112,0fff00
523,557,0.0,0000ff
524,525,0.029112,0fff00
524,558,0.0,0000ff
525,526,0.029112,0fff00
525,559,0.0,0000ff
526,527,0.029112,0fff00
526,560,0.0,0000ff
527,528,0.029112,0fff00
527,561,0.0,0000ff
528,529,0.029112,0fff00
528,562,0.0,0000ff
529,530,0.023376,0cff00
529,563,0.0,0000ff
530,531,0.01764,09ff00
530,564,0.0,0000ff
531,532,0.01764,09ff00
531,565,0.0,0000ff
532,533,0.006168,03ff00
532,566,0.0,0000ff
533,534,0.0,0000ff
533,567,0.347177,b1ff00
534,535,0.0,0000ff
534,568,0.0,0000ff
535,536,0.0,0000ff
535,569,0.011968,06ff00
536,537,0.0,0000ff
536,570,0.000464,00ff00
537,538,0.0,0000ff
537,571,0.0,0000ff
538,539,0.0,0000ff
538,572,0.0,0000ff
539,540,0.0,0000ff
539,573,0.0,0000ff
540,541,0.0,0000ff
540,574,0.0,0000ff
541,542,0.0,0000ff
541,575,0.0,0000ff
542,543,0.0,0000ff
542,576,0.0,0000ff
543,510,0.0,0000ff
543,577,0.0,0000ff
544,545,0.0,0000ff
544,578,0.0,0000ff
545,546,0.0,0000ff
545,579,0.0,0000ff
546,547,0.0,0000ff
546,580,0.005736,03ff00
547,548,0.0,0000ff
547,581,0.005736,03ff00
548,549,0.0,0000ff
548,582,0.0,0000ff
549,550,0.0,0000ff
549,583,0.0,0000ff
550,551,0.0,0000ff
550,584,0.0,0000ff
551,552,0.0,0000ff
551,585,0.0,0000ff
552,553,0.0,0000ff
552,586,0.0,0000ff
553,554,0.0,0000ff
553,587,0.0,0000ff
554,555,0.0,0000ff
554,588,0.029112,0fff00
555,556,0.0,0000ff
555,589,0.0,0000ff
556,557,0.0,0000ff
556,590,0.0,0000ff
557,558,0.0,0000ff
557,591,0.0,0000ff
558,559,0.0,0000ff
558,592,0.0,0000ff
559,560,0.0,0000ff
559,593,0.0,0000ff
560,561,0.0,0000ff
560,594,0.0,0000ff
561,562,0.0,0000ff
561,595,0.0,0000ff
562,563,0.0,0000ff
562,596,0.0,0000ff
563,564,0.0,0000ff
563,597,0.0,0000ff
564,565,0.0,0000ff
564,598,0.0,0000ff
565,566,0.0,0000ff
565,599,0.0,0000ff
566,567,0.022944,0cff00
566,600,0.0,0000ff
567,568,0.000496,00ff00
567,601,0.341915,aeff00
568,569,0.000496,00ff00
568,602,0.0,0000ff
569,570,0.0,0000ff
569,603,0.012464,06ff00
570,571,0.0,0000ff
570,604,0.000464,00ff00
571,572,0.0,0000ff
571,605,0.0,0000ff
572,573,0.0,0000ff
572,606,0.0,0000ff
573,574,0.0,0000ff
573,607,0.0,0000ff
574,575,0.0,0000ff
574,608,0.0,0000ff
575,576,0.0,0000ff
575,609,0.0,0000ff
576,577,0.0,0000ff
576,610,0.0,0000ff
577,544,0.0,0000ff
577,611,0.0,0000ff
578,579,0.022944,0cff00
578,612,0.0,0000ff
579,580,0.02316,0cff00
579,613,0.0,0000ff
580,581,0.0,0000ff
580,614,0.0,0000ff
581,582,0.396127,caff00
581,615,0.005736,03ff00
582,583,0.415737,d4ff00
582,616,0.0,0000ff
583,584,0.422798,d8ff00
583,617,0.0,0000ff
584,585,0.434968,deff00
584,618,0.0,0000ff
585,586,0.434942,deff00
585,619,0.0,0000ff
586,587,0.0,0000ff
586,620,0.432375,ddff00
587,588,0.0,0000ff
587,621,0.0,0000ff
588,589,0.018952,0aff00
588,622,0.040584,15ff00
589,590,0.138744,47ff00
589,623,0.115368,3bff00
590,591,0.248895,7fff00
590,624,0.150592,4dff00
591,592,0.530163,fff000
591,625,0.253999,82ff00
592,593,0.504179,fffd00
592,626,0.0,0000ff
593,594,0.491706,fbff00
593,627,0.0,0000ff
594,595,0.488575,f9ff00
594,628,0.0,0000ff
595,596,0.49559,fdff00
595,629,0.0,0000ff
596,597,0.537632,ffec00
596,630,0.0,0000ff
597,598,0.557655,ffe200
597,631,0.0,0000ff
598,599,0.192256,62ff00
598,632,0.138898,47ff00
599,600,0.034416,12ff00
599,633,0.255815,82ff00
600,601,0.034416,12ff00
600,634,0.0,0000ff
601,602,0.034416,12ff00
601,635,0.350711,b3ff00
602,603,0.034416,12ff00
602,636,0.0,0000ff
603,604,0.034416,12ff00
603,637,0.0,0000ff
604,605,0.043946,16ff00
604,638,0.0,0000ff
605,606,0.045888,17ff00
605,639,0.0,0000ff
606,607,0.040152,14ff00
606,640,0.0,0000ff
607,608,0.040152,14ff00
607,641,0.0,0000ff
608,609,0.02868,0fff00
608,642,0.0,0000ff
609,610,0.02868,0fff00
609,643,0.0,0000ff
610,611,0.02868,0fff00
610,644,0.0,0000ff
611,578,0.022944,0cff00
611,645,0.0,0000ff
612,613,0.0,0000ff
612,646,0.0,0000ff
613,614,0.0,0000ff
613,647,0.0,0000ff
614,615,0.0,0000ff
614,648,0.0,0000ff
615,616,0.0,0000ff
615,649,0.0,0000ff
616,617,0.434991,deff00
616,650,0.0,0000ff
617,618,0.429471,dbff00
617,651,0.0,0000ff
618,619,0.451693,e6ff00
618,652,0.0,0000ff
619,620,0.477146,f3ff00
619,653,0.0,0000ff
620,621,0.064672,21ff00
620,654,0.863192,ff4600
621,622,0.064672,21ff00
621,655,0.0,0000ff
622,623,0.064488,21ff00
622,656,0.029112,0fff00
623,624,0.100512,33ff00
623,657,0.152238,4eff00
624,625,0.229771,75ff00
624,658,0.154552,4fff00
625,626,0.518547,fff600
625,659,0.1856,5fff00
626,627,0.546857,ffe700
626,660,0.017424,09ff00
627,628,0.568745,ffdc00
627,661,0.0,0000ff
628,629,0.603921,ffca00
628,662,0.0,0000ff
629,630,0.629429,ffbd00
629,663,0.0,0000ff
630,631,0.6394,ffb800
630,664,0.0,0000ff
631,632,0.663704,ffac00
631,665,0.0,0000ff
632,633,0.218616,6fff00
632,666,0.255623,82ff00
633,634,0.109632,38ff00
633,667,0.141806,48ff00
634,635,0.109632,38ff00
634,668,0.0,0000ff
635,636,0.0,0000ff
635,669,0.206724,69ff00
636,637,0.0,0000ff
636,670,0.0,0000ff
637,638,0.0,0000ff
637,671,0.0,0000ff
638,639,0.0,0000ff
638,672,0.0,0000ff
639,640,0.0,0000ff
639,673,0.0,0000ff
640,641,0.0,0000ff
640,674,0.0,0000ff
641,642,0.0,0000ff
641,675,0.0,0000ff
642,643,0.0,0000ff
642,676,0.0,0000ff
643,644,0.0,0000ff
643,677,0.0,0000ff
644,645,0.0,0000ff
644,678,0.0,0000ff
645,612,0.0,0000ff
645,679,0.0,0000ff
646,647,0.08604,2cff00
646,680,0.0,0000ff
647,648,0.08604,2cff00
647,681,0.0,0000ff
648,649,0.0,0000ff
648,682,0.0,0000ff
649,650,0.0,0000ff
649,683,0.0,0000ff
650,651,0.0,0000ff
650,684,0.0,0000ff
651,652,0.0,0000ff
651,685,0.0,0000ff
652,653,0.0,0000ff
652,686,0.0,0000ff
653,654,0.0,0000ff
653,687,0.0,0000ff
654,655,0.075,26ff00
654,688,0.827935,ff5800
655,656,0.075,26ff00
655,689,0.0,0000ff
656,657,0.087368,2dff00
656,690,0.0,0000ff
657,658,0.087584,2dff00
657,691,0.093136,2fff00
658,659,0.324863,a6ff00
658,692,0.227535,74ff00
659,660,0.127056,41ff00
659,693,0.041984,15ff00
660,661,0.172944,58ff00
660,694,0.0,0000ff
661,662,0.167208,55ff00
661,695,0.0,0000ff
662,663,0.156632,50ff00
662,696,0.0,0000ff
663,664,0.156632,50ff00
663,697,0.0,0000ff
664,665,0.161682,52ff00
664,698,0.0,0000ff
665,666,0.177159,5aff00
665,699,0.0,0000ff
666,667,0.110744,38ff00
666,700,0.203568,68ff00
667,668,0.063528,20ff00
667,701,0.110656,38ff00
668,669,0.081512,2aff00
668,702,0.0,0000ff
669,670,0.0,0000ff
669,703,0.103248,35ff00
670,671,0.0,0000ff
670,704,0.0,0000ff
671,672,0.0,0000ff
671,705,0.0,0000ff
672,673,0.0,0000ff
672,706,0.0,0000ff
673,674,0.0,0000ff
673,707,0.0,0000ff
674,675,0.0,0000ff
674,708,0.0,0000ff
675,676,0.0,0000ff
675,709,0.0,0000ff
676,677,0.011688,06ff00
676,710,0.011688,06ff00
677,678,0.097512,32ff00
677,711,0.097512,32ff00
678,679,0.097512,32ff00
678,712,0.0,0000ff
679,646,0.091776,2fff00
679,713,0.0,0000ff
680,681,0.0,0000ff
680,714,0.0,0000ff
681,682,0.0,0000ff
681,715,0.0,0000ff
682,683,0.0,0000ff
682,716,0.0,0000ff
683,684,0.0,0000ff
683,717,0.0,0000ff
684,685,0.0,0000ff
684,718,0.0,0000ff
685,686,0.0,0000ff
685,719,0.0,0000ff
686,687,0.0,0000ff
686,720,0.0,0000ff
687,688,0.0,0000ff
687,721,0.0,0000ff
688,689,0.192389,62ff00
688,722,0.636895,ffb900
689,690,0.201196,67ff00
689,723,0.0,0000ff
690,691,0.196416,64ff00
690,724,0.0,0000ff
691,692,0.176376,5aff00
691,725,0.152008,4eff00
692,693,0.323207,a5ff00
692,726,0.341916,aeff00
693,694,0.410903,d2ff00
693,727,0.056404,1dff00
694,695,0.684114,ffa100
694,728,0.041448,15ff00
695,696,0.664803,ffab00
695,729,0.0,0000ff
696,697,0.351718,b3ff00
696,730,0.012768,07ff00
697,698,0.380799,c2ff00
697,731,0.0,0000ff
698,699,0.388163,c6ff00
698,732,0.0,0000ff
699,700,0.405341,cfff00
699,733,0.0,0000ff
700,701,0.171736,58ff00
700,734,0.0,0000ff
701,702,0.05764,1dff00
701,735,0.017208,09ff00
702,703,0.051624,1aff00
702,736,0.0,0000ff
703,704,0.0,0000ff
703,737,0.080304,29ff00
704,705,0.0,0000ff
704,738,0.0,0000ff
705,706,0.0,0000ff
705,739,0.0,0000ff
706,707,0.0,0000ff
706,740,0.0,0000ff
707,708,0.0,0000ff
707,741,0.0,0000ff
708,709,0.0,0000ff
708,742,0.0,0000ff
709,710,0.0,0000ff
709,743,0.0,0000ff
710,711,0.0,0000ff
710,744,0.011688,06ff00
711,712,0.0,0000ff
711,745,0.103248,35ff00
712,713,0.0,0000ff
712,746,0.0,0000ff
713,680,0.0,0000ff
713,747,0.0,0000ff
714,715,0.0,0000ff
714,748,0.0,0000ff
715,716,0.0,0000ff
715,749,0.0,0000ff
716,717,0.0,0000ff
716,750,0.0,0000ff
717,718,0.0,0000ff
717,751,0.0,0000ff
718,719,0.0,0000ff
718,752,0.0,0000ff
719,720,0.0,0000ff
719,753,0.0,0000ff
720,721,0.0,0000ff
720,754,0.0,0000ff
721,722,0.0,0000ff
721,755,0.0,0000ff
722,723,0.265927,88ff00
722,756,0.365015,baff00
723,724,0.393415,c9ff00
723,757,0.0,0000ff
724,725,0.56851,ffdc00
724,758,0.040864,15ff00
725,726,0.42968,dbff00
725,759,0.093968,30ff00
726,727,0.171254,57ff00
726,760,0.336462,acff00
727,728,0.063096,20ff00
727,761,0.005736,03ff00
728,729,0.063096,20ff00
728,762,0.054,1cff00
729,730,0.063096,20ff00
729,763,0.0,0000ff
730,731,0.063096,20ff00
730,764,0.012768,07ff00
731,732,0.063096,20ff00
731,765,0.0,0000ff
732,733,0.045888,17ff00
732,766,0.0,0000ff
733,734,0.040152,14ff00
733,767,0.0,0000ff
734,735,0.051624,1aff00
734,768,0.0,0000ff
735,736,0.029328,0fff00
735,769,0.0,0000ff
736,737,0.011472,06ff00
736,770,0.0,0000ff
737,738,0.0,0000ff
737,771,0.068832,23ff00
738,739,0.0,0000ff
738,772,0.0,0000ff
739,740,0.0,0000ff
739,773,0.0,0000ff
740,741,0.0,0000ff
740,774,0.0,0000ff
741,742,0.0,0000ff
741,775,0.0,0000ff
742,743,0.0,0000ff
742,776,0.0,0000ff
743,744,0.0,0000ff
743,777,0.0,0000ff
744,745,0.0,0000ff
744,778,0.011688,06ff00
745,746,0.0,0000ff
745,779,0.103248,35ff00
746,747,0.0,0000ff
746,780,0.0,0000ff
747,714,0.0,0000ff
747,781,0.0,0000ff
748,749,0.011472,06ff00
748,782,0.0,0000ff
749,750,0.000432,00ff00
749,783,0.0,0000ff
750,751,0.000216,00ff00
750,784,0.0,0000ff
751,752,0.000216,00ff00
751,785,0.0,0000ff
752,753,0.000432,00ff00
752,786,0.0,0000ff
753,754,0.000464,00ff00
753,787,0.0,0000ff
754,755,0.000712,00ff00
754,788,0.0,0000ff
755,756,0.012432,06ff00
755,789,0.0,0000ff
756,757,0.162216,53ff00
756,790,0.197808,65ff00
757,758,0.305863,9cff00
757,791,0.0,0000ff
758,759,0.410999,d2ff00
758,792,0.0408,15ff00
759,760,0.304575,9bff00
759,793,0.022944,0cff00
760,761,0.236847,79ff00
760,794,0.066081,22ff00
761,762,0.421365,d7ff00
761,795,0.065666,21ff00
762,763,0.452139,e7ff00
762,796,0.000432,00ff00
763,764,0.457127,e9ff00
763,797,0.0,0000ff
764,765,0.450863,e6ff00
764,798,0.023592,0cff00
765,766,0.034416,12ff00
765,799,0.0,0000ff
766,767,0.034416,12ff00
766,800,0.0,0000ff
767,768,0.034416,12ff00
767,801,0.0,0000ff
768,769,0.034416,12ff00
768,802,0.0,0000ff
769,770,0.034416,12ff00
769,803,0.0,0000ff
770,771,0.034416,12ff00
770,804,0.0,0000ff
771,772,0.0,0000ff
771,805,0.034416,12ff00
772,773,0.0,0000ff
772,806,0.0,0000ff
773,774,0.0,0000ff
773,807,0.0,0000ff
774,775,0.0,0000ff
774,808,0.0,0000ff
775,776,0.0,0000ff
775,809,0.0,0000ff
776,777,0.0,0000ff
776,810,0.0,0000ff
777,778,0.0,0000ff
777,811,0.0,0000ff
778,779,0.0,0000ff
778,812,0.011688,06ff00
779,780,0.011472,06ff00
779,813,0.0,0000ff
780,781,0.011472,06ff00
780,814,0.0,0000ff
781,748,0.011472,06ff00
781,815,0.0,0000ff
782,783,0.423468,d8ff00
782,816,0.0,0000ff
783,784,0.418377,d5ff00
783,817,0.0,0000ff
784,785,0.430796,dcff00
784,818,0.0,0000ff
785,786,0.425251,d9ff00
785,819,0.0,0000ff
786,787,0.424497,d8ff00
786,820,0.0,0000ff
787,788,0.443448,e2ff00
787,821,0.0,0000ff
788,789,0.491652,fbff00
788,822,0.0,0000ff
789,790,0.517503,fff600
789,823,0.011472,06ff00
790,791,0.530725,ffef00
790,824,0.211939,6cff00
791,792,0.423078,d8ff00
791,825,0.168818,56ff00
792,793,0.277415,8dff00
792,826,0.0,0000ff
793,794,0.100512,33ff00
793,827,0.123719,3fff00
794,795,0.192288,62ff00
794,828,0.07016,24ff00
795,796,0.192536,62ff00
795,829,0.080952,29ff00
796,797,0.1979,65ff00
796,830,0.000432,00ff00
797,798,0.175576,5aff00
797,831,0.0,0000ff
798,799,0.02868,0fff00
798,832,0.023592,0cff00
799,800,0.05184,1aff00
799,833,0.00681,03ff00
800,801,0.049799,19ff00
800,834,0.0,0000ff
801,802,0.05804,1eff00
801,835,0.0,0000ff
802,803,0.057824,1dff00
802,836,0.0,0000ff
803,804,0.069296,23ff00
803,837,0.0,0000ff
804,805,0.069512,23ff00
804,838,0.0,0000ff
805,806,0.040832,15ff00
805,839,0.022944,0cff00
806,807,0.052304,1bff00
806,840,0.0,0000ff
807,808,0.000248,00ff00
807,841,0.052056,1bff00
808,809,0.000248,00ff00
808,842,0.0,0000ff
809,810,0.000248,00ff00
809,843,0.0,0000ff
810,811,0.000248,00ff00
810,844,0.0,0000ff
811,812,0.0,0000ff
811,845,0.0,0000ff
812,813,0.503438,fffd00
812,846,0.0,0000ff
813,814,0.514345,fff800
813,847,0.0,0000ff
814,815,0.495231,fdff00
814,848,0.0,0000ff
815,782,0.446998,e4ff00
815,849,0.0,0000ff
816,817,0.320743,a4ff00
816,850,0.0,0000ff
817,818,0.333983,aaff00
817,851,0.0,0000ff
818,819,0.327733,a7ff00
818,852,0.0,0000ff
819,820,0.323661,a5ff00
819,853,0.0,0000ff
820,821,0.304655,9bff00
820,854,0.028896,0fff00
821,822,0.13236,44ff00
821,855,0.17828,5bff00
822,823,0.083074,2aff00
822,856,0.085728,2cff00
823,824,0.040368,15ff00
823,857,0.045888,17ff00
824,825,0.0924,2fff00
824,858,0.111824,39ff00
825,826,0.035472,12ff00
825,859,0.161688,52ff00
826,827,0.198552,65ff00
826,860,0.01268,06ff00
827,828,0.0,0000ff
827,861,0.080952,29ff00
828,829,0.022944,0cff00
828,862,0.063808,21ff00
829,830,0.022944,0cff00
829,863,0.072045,25ff00
830,831,0.022944,0cff00
830,864,0.000648,00ff00
831,832,0.022944,0cff00
831,865,0.0,0000ff
832,833,0.022944,0cff00
832,866,0.023592,0cff00
833,834,0.022944,0cff00
833,867,0.000432,00ff00
834,835,0.022944,0cff00
834,868,0.0,0000ff
835,836,0.022944,0cff00
835,869,0.0,0000ff
836,837,0.022944,0cff00
836,870,0.0,0000ff
837,838,0.022944,0cff00
837,871,0.0,0000ff
838,839,0.022944,0cff00
838,872,0.0,0000ff
839,840,0.0,0000ff
839,873,0.0,0000ff
840,841,0.0,0000ff
840,874,0.0,0000ff
841,842,0.0,0000ff
841,875,0.052056,1bff00
842,843,0.0,0000ff
842,876,0.0,0000ff
843,844,0.0,0000ff
843,877,0.0,0000ff
844,845,0.0,0000ff
844,878,0.0,0000ff
845,846,0.0,0000ff
845,879,0.0,0000ff
846,847,0.357146,b6ff00
846,880,0.040368,15ff00
847,848,0.361581,b8ff00
847,881,0.0,0000ff
848,849,0.364119,baff00
848,882,0.0,0000ff
849,816,0.326433,a6ff00
849,883,0.0,0000ff
850,851,0.208936,6bff00
850,884,0.0,0000ff
851,852,0.188562,60ff00
851,885,0.0,0000ff
852,853,0.19768,65ff00
852,886,0.0,0000ff
853,854,0.197464,65ff00
853,887,0.0,0000ff
854,855,0.179688,5cff00
854,888,0.034632,12ff00
855,856,0.169808,57ff00
855,889,0.17828,5bff00
856,857,0.150896,4dff00
856,890,0.091628,2fff00
857,858,0.261937,86ff00
857,891,0.114936,3bff00
858,859,0.041016,15ff00
858,892,0.270824,8aff00
859,860,0.036792,13ff00
859,893,0.232289,76ff00
860,861,0.0,0000ff
860,894,0.023688,0cff00
861,862,0.0,0000ff
861,895,0.052056,1bff00
862,863,0.0,0000ff
862,896,0.064024,21ff00
863,864,0.0,0000ff
863,897,0.080952,29ff00
864,865,0.0,0000ff
864,898,0.000648,00ff00
865,866,0.0,0000ff
865,899,0.0,0000ff
866,867,0.0,0000ff
866,900,0.023592,0cff00
867,868,0.0,0000ff
867,901,0.000432,00ff00
868,869,0.0,0000ff
868,902,0.0,0000ff
869,870,0.0,0000ff
869,903,0.0,0000ff
870,871,0.0,0000ff
870,904,0.0,0000ff
871,872,0.0,0000ff
871,905,0.0,0000ff
872,873,0.0,0000ff
872,906,0.0,0000ff
873,874,0.0,0000ff
873,907,0.0,0000ff
874,875,0.0,0000ff
874,908,0.0,0000ff
875,876,0.011688,06ff00
875,909,0.040368,15ff00
876,877,0.011472,06ff00
876,910,0.0,0000ff
877,878,0.011472,06ff00
877,911,0.0,0000ff
878,879,0.011472,06ff00
878,912,0.0,0000ff
879,880,0.0,0000ff
879,913,0.0,0000ff
880,881,0.324099,a5ff00
880,914,0.040368,15ff00
881,882,0.275234,8cff00
881,915,0.0,0000ff
882,883,0.255169,82ff00
882,916,0.0,0000ff
883,850,0.237637,79ff00
883,917,0.0,0000ff
884,885,0.384522,c4ff00
884,918,0.0,0000ff
885,886,0.424458,d8ff00
885,919,0.0,0000ff
886,887,0.44552,e3ff00
886,920,0.0,0000ff
887,888,0.445712,e3ff00
887,921,0.0,0000ff
888,889,0.371613,beff00
888,922,0.104208,35ff00
889,890,0.263127,86ff00
889,923,0.32977,a8ff00
890,891,0.087984,2dff00
890,924,0.151488,4dff00
891,892,0.041995,15ff00
891,925,0.13236,44ff00
892,893,0.0,0000ff
892,926,0.314468,a0ff00
893,894,0.0,0000ff
893,927,0.284382,91ff00
894,895,0.0,0000ff
894,928,0.058104,1eff00
895,896,0.0,0000ff
895,929,0.063312,20ff00
896,897,0.0,0000ff
896,930,0.064024,21ff00
897,898,0.0,0000ff
897,931,0.080952,29ff00
898,899,0.0,0000ff
898,932,0.008435,04ff00
899,900,0.0,0000ff
899,933,0.0,0000ff
900,901,0.0,0000ff
900,934,0.023592,0cff00
901,902,0.0,0000ff
901,935,0.000432,00ff00
902,903,0.0,0000ff
902,936,0.0,0000ff
903,904,0.0,0000ff
903,937,0.0,0000ff
904,905,0.0,0000ff
904,938,0.0,0000ff
905,906,0.0,0000ff
905,939,0.0,0000ff
906,907,0.0,0000ff
906,940,0.0,0000ff
907,908,0.0,0000ff
907,941,0.0,0000ff
908,909,0.0,0000ff
908,942,0.0,0000ff
909,910,0.040368,15ff00
909,943,0.0,0000ff
910,911,0.040368,15ff00
910,944,0.0,0000ff
911,912,0.040368,15ff00
911,945,0.0,0000ff
912,913,0.040368,15ff00
912,946,0.0,0000ff
913,914,0.0,0000ff
913,947,0.0,0000ff
914,915,0.290271,94ff00
914,948,0.099432,33ff00
915,916,0.307324,9dff00
915,949,0.0,0000ff
916,917,0.329991,a8ff00
916,950,0.0,0000ff
917,884,0.352687,b4ff00
917,951,0.0,0000ff
918,919,0.261487,85ff00
918,952,0.0,0000ff
919,920,0.239039,7aff00
919,953,0.0,0000ff
920,921,0.238437,7aff00
920,954,0.0,0000ff
921,922,0.238608,7aff00
921,955,0.0,0000ff
922,923,0.231971,76ff00
922,956,0.098256,32ff00
923,924,0.174152,59ff00
923,957,0.242316,7cff00
924,925,0.475839,f3ff00
924,958,0.13524,45ff00
925,926,0.402615,cdff00
925,959,0.087768,2dff00
926,927,0.0,0000ff
926,960,0.81037,ff6100
927,928,0.0,0000ff
927,961,0.284119,91ff00
928,929,0.0,0000ff
928,962,0.046384,18ff00
929,930,0.0,0000ff
929,963,0.063528,20ff00
930,931,0.0,0000ff
930,964,0.052768,1bff00
931,932,0.0,0000ff
931,965,0.06948,23ff00
932,933,0.0,0000ff
932,966,0.022944,0cff00
933,934,0.0,0000ff
933,967,0.0,0000ff
934,935,0.0,0000ff
934,968,0.023592,0cff00
935,936,0.0,0000ff
935,969,0.000432,00ff00
936,937,0.0,0000ff
936,970,0.0,0000ff
937,938,0.0,0000ff
937,971,0.0,0000ff
938,939,0.0,0000ff
938,972,0.0,0000ff
939,940,0.0,0000ff
939,973,0.0,0000ff
940,941,0.0,0000ff
940,974,0.0,0000ff
941,942,0.0,0000ff
941,975,0.0,0000ff
942,943,0.0,0000ff
942,976,0.0,0000ff
943,944,0.0,0000ff
943,977,0.0,0000ff
944,945,0.0,0000ff
944,978,0.0,0000ff
945,946,0.0,0000ff
945,979,0.0,0000ff
946,947,0.0,0000ff
946,980,0.04632,18ff00
947,948,0.304746,9bff00
947,981,0.080736,29ff00
948,949,0.296055,97ff00
948,982,0.111152,39ff00
949,950,0.290815,94ff00
949,983,0.0,0000ff
950,951,0.273607,8cff00
950,984,0.0,0000ff
951,918,0.255967,83ff00
951,985,0.0,0000ff
952,953,0.209896,6bff00
952,986,0.0,0000ff
953,954,0.210051,6bff00
953,987,0.0,0000ff
954,955,0.227072,74ff00
954,988,0.0,0000ff
955,956,0.232476,77ff00
955,989,0.0,0000ff
956,957,0.249242,7fff00
956,990,0.087273,2dff00
957,958,0.064768,21ff00
957,991,0.268574,89ff00
958,959,0.241047,7bff00
958,992,0.147264,4bff00
959,960,0.150473,4dff00
959,993,0.124741,40ff00
960,961,0.182759,5dff00
960,994,0.714154,ff9200
961,962,0.0,0000ff
961,995,0.470339,f0ff00
962,963,0.0,0000ff
962,996,0.046384,18ff00
963,964,0.0,0000ff
963,997,0.068794,23ff00
964,965,0.0,0000ff
964,998,0.063992,21ff00
965,966,0.0,0000ff
965,999,0.075216,26ff00
966,967,0.0,0000ff
966,1000,0.022944,0cff00
967,968,0.0,0000ff
967,1001,0.0,0000ff
968,969,0.0,0000ff
968,1002,0.033541,11ff00
969,970,0.0,0000ff
969,1003,0.000432,00ff00
970,971,0.0,0000ff
970,1004,0.0,0000ff
971,972,0.0,0000ff
971,1005,0.0,0000ff
972,973,0.0,0000ff
972,1006,0.0,0000ff
973,974,0.0,0000ff
973,1007,0.0,0000ff
974,975,0.0,0000ff
974,1008,0.0,0000ff
975,976,0.0,0000ff
975,1009,0.0,0000ff
976,977,0.0,0000ff
976,1010,0.0,0000ff
977,978,0.0,0000ff
977,1011,0.0,0000ff
978,979,0.0,0000ff
978,1012,0.0,0000ff
979,980,0.0,0000ff
979,1013,0.0,0000ff
980,981,0.022944,0cff00
980,1014,0.068832,23ff00
981,982,0.117864,3cff00
981,1015,0.262071,86ff00
982,983,0.201111,67ff00
982,1016,0.124059,3fff00
983,984,0.212151,6cff00
983,1017,0.0,0000ff
984,985,0.212151,6cff00
984,1018,0.0,0000ff
985,952,0.217945,6fff00
985,1019,0.0,0000ff
986,987,0.464248,edff00
986,1020,0.0,0000ff
987,988,0.452228,e7ff00
987,1021,0.0,0000ff
988,989,0.415023,d4ff00
988,1022,0.0,0000ff
989,990,0.403511,ceff00
989,1023,0.0,0000ff
990,991,0.309483,9eff00
990,1024,0.116148,3bff00
991,992,0.484103,f7ff00
991,1025,0.232248,76ff00
992,993,0.364607,baff00
992,1026,0.092424,2fff00
993,994,0.352423,b4ff00
993,1027,0.052952,1bff00
994,995,0.106315,36ff00
994,1028,0.914577,ff2c00
995,996,0.266906,88ff00
995,1029,0.316798,a2ff00
996,997,0.294975,96ff00
996,1030,0.011472,06ff00
997,998,0.052272,1bff00
997,1031,0.0,0000ff
998,999,0.128384,41ff00
998,1032,0.0,0000ff
999,1000,0.22636,73ff00
999,1033,0.0,0000ff
1000,1001,0.266575,88ff00
1000,1034,0.0,0000ff
1001,1002,0.272527,8bff00
1001,1035,0.0,0000ff
1002,1003,0.297185,98ff00
1002,1036,0.0,0000ff
1003,1004,0.011688,06ff00
1003,1037,0.0,0000ff
1004,1005,0.011688,06ff00
1004,1038,0.0,0000ff
1005,1006,0.011688,06ff00
1005,1039,0.0,0000ff
1006,1007,0.011688,06ff00
1006,1040,0.0,0000ff
1007,1008,0.000216,00ff00
1007,1041,0.0,0000ff
1008,1009,0.000216,00ff00
1008,1042,0.0,0000ff
1009,1010,0.000216,00ff00
1009,1043,0.0,0000ff
1010,1011,0.000216,00ff00
1010,1044,0.0,0000ff
1011,1012,0.011472,06ff00
1011,1045,0.005736,03ff00
1012,1013,0.011472,06ff00
1012,1046,0.0,0000ff
1013,1014,0.011472,06ff00
1013,1047,0.0,0000ff
1014,1015,0.052272,1bff00
1014,1048,0.046536,18ff00
1015,1016,0.49066,faff00
1015,1049,0.204991,69ff00
1016,1017,0.507006,fffb00
1016,1050,0.102078,34ff00
1017,1018,0.523856,fff300
1017,1051,0.0,0000ff
1018,1019,0.496958,fdff00
1018,1052,0.0,0000ff
1019,986,0.44972,e5ff00
1019,1053,0.0,0000ff
1020,1021,0.322179,a4ff00
1020,1054,0.0,0000ff
1021,1022,0.314941,a1ff00
1021,1055,0.0,0000ff
1022,1023,0.33579,abff00
1022,1056,0.0,0000ff
1023,1024,0.372748,beff00
1023,1057,0.0,0000ff
1024,1025,0.396541,caff00
1024,1058,0.04632,18ff00
1025,1026,0.205175,69ff00
1025,1059,0.174879,59ff00
1026,1027,0.249919,7fff00
1026,1060,0.047344,18ff00
1027,1028,0.267343,88ff00
1027,1061,0.0,0000ff
1028,1029,0.299191,99ff00
1028,1062,0.878585,ff3e00
1029,1030,0.409471,d1ff00
1029,1063,0.240292,7bff00
1030,1031,0.414991,d4ff00
1030,1064,0.000216,00ff00
1031,1032,0.392477,c8ff00
1031,1065,0.074784,26ff00
1032,1033,0.262255,86ff00
1032,1066,0.06384,21ff00
1033,1034,0.301744,9aff00
1033,1067,0.0062,03ff00
1034,1035,0.338238,adff00
1034,1068,0.0,0000ff
1035,1036,0.352282,b4ff00
1035,1069,0.0,0000ff
1036,1037,0.377147,c0ff00
1036,1070,0.0,0000ff
1037,1038,0.1274,41ff00
1037,1071,0.0,0000ff
1038,1039,0.126651,41ff00
1038,1072,0.0,0000ff
1039,1040,0.104888,35ff00
1039,1073,0.0,0000ff
1040,1041,0.088296,2dff00
1040,1074,0.0,0000ff
1041,1042,0.064672,21ff00
1041,1075,0.040368,15ff00
1042,1043,0.035992,12ff00
1042,1076,0.02868,0fff00
1043,1044,0.035992,12ff00
1043,1077,0.0,0000ff
1044,1045,0.041792,15ff00
1044,1078,0.0,0000ff
1045,1046,0.029456,0fff00
1045,1079,0.035064,12ff00
1046,1047,0.029456,0fff00
1046,1080,0.0,0000ff
1047,1048,0.029456,0fff00
1047,1081,0.0,0000ff
1048,1049,0.08296,2aff00
1048,1082,0.046536,18ff00
1049,1050,0.361583,b8ff00
1049,1083,0.344295,b0ff00
1050,1051,0.379672,c2ff00
1050,1084,0.100392,33ff00
1051,1052,0.361226,b8ff00
1051,1085,0.0,0000ff
1052,1053,0.331783,a9ff00
1052,1086,0.0,0000ff
1053,1020,0.337872,acff00
1053,1087,0.0,0000ff
1054,1055,0.501768,fffe00
1054,1088,0.0,0000ff
1055,1056,0.483559,f7ff00
1055,1089,0.0,0000ff
1056,1057,0.465464,edff00
1056,1090,0.0,0000ff
1057,1058,0.041448,15ff00
1057,1091,0.023192,0cff00
1058,1059,0.265207,87ff00
1058,1092,0.046536,18ff00
1059,1060,0.348549,b2ff00
1059,1093,0.118547,3cff00
1060,1061,0.49478,fcff00
1060,1094,0.0,0000ff
1061,1062,0.56582,ffdd00
1061,1095,0.0,0000ff
1062,1063,0.372999,beff00
1062,1096,1.0,ff0000
1063,1064,0.525579,fff200
1063,1097,0.157464,50ff00
1064,1065,0.239191,7aff00
1064,1098,0.0,0000ff
1065,1066,0.0,0000ff
1065,1099,0.063312,20ff00
1066,1067,0.000712,00ff00
1066,1100,0.030208,0fff00
1067,1068,0.000712,00ff00
1067,1101,0.0062,03ff00
1068,1069,0.000712,00ff00
1068,1102,0.0,0000ff
1069,1070,0.000712,00ff00
1069,1103,0.0,0000ff
1070,1071,0.000712,00ff00
1070,1104,0.0,0000ff
1071,1072,0.000712,00ff00
1071,1105,0.0,0000ff
1072,1073,0.000712,00ff00
1072,1106,0.0,0000ff
1073,1074,0.000464,00ff00
1073,1107,0.0,0000ff
1074,1075,0.000464,00ff00
1074,1108,0.0,0000ff
1075,1076,0.000216,00ff00
1075,1109,0.052272,1bff00
1076,1077,0.000216,00ff00
1076,1110,0.02868,0fff00
1077,1078,0.000216,00ff00
1077,1111,0.0,0000ff
1078,1079,0.000216,00ff00
1078,1112,0.0,0000ff
1079,1080,0.0,0000ff
1079,1113,0.052272,1bff00
1080,1081,0.0,0000ff
1080,1114,0.0,0000ff
1081,1082,0.06976,24ff00
1081,1115,0.0,0000ff
1082,1083,0.254823,82ff00
1082,1116,0.213996,6dff00
1083,1084,0.488775,f9ff00
1083,1117,0.170732,57ff00
1084,1085,0.520631,fff400
1084,1118,0.034664,12ff00
1085,1086,0.512117,fff900
1085,1119,0.0,0000ff
1086,1087,0.519335,fff500
1086,1120,0.0,0000ff
1087,1054,0.506993,fffb00
1087,1121,0.0,0000ff
1088,1089,0.280975,8fff00
1088,1122,0.0,0000ff
1089,1090,0.287423,93ff00
1089,1123,0.0,0000ff
1090,1091,0.281481,90ff00
1090,1124,0.0,0000ff
1091,1092,0.083711,2bff00
1091,1125,0.011472,06ff00
1092,1093,0.315118,a1ff00
1092,1126,0.0,0000ff
1093,1094,0.348367,b2ff00
1093,1127,0.011472,06ff00
1094,1095,0.622803,ffc000
1094,1128,0.045888,17ff00
1095,1096,0.492749,fbff00
1095,1129,0.116048,3bff00
1096,1097,0.360558,b8ff00
1096,1130,0.96037,ff1400
1097,1098,0.384515,c4ff00
1097,1131,0.1566,50ff00
1098,1099,0.166992,55ff00
1098,1132,0.0,0000ff
1099,1100,0.011472,06ff00
1099,1133,0.093104,2fff00
1100,1101,0.02976,0fff00
1100,1134,0.092304,2fff00
1101,1102,0.02976,0fff00
1101,1135,0.0,0000ff
1102,1103,0.02976,0fff00
1102,1136,0.0,0000ff
1103,1104,0.030192,0fff00
1103,1137,0.0,0000ff
1104,1105,0.030408,10ff00
1104,1138,0.0,0000ff
1105,1106,0.030408,10ff00
1105,1139,0.0,0000ff
1106,1107,0.037156,13ff00
1106,1140,0.0,0000ff
1107,1108,0.06319,20ff00
1107,1141,0.0,0000ff
1108,1109,0.04188,15ff00
1108,1142,0.0,0000ff
1109,1110,0.053352,1bff00
1109,1143,0.052272,1bff00
1110,1111,0.04188,15ff00
1110,1144,0.051624,1aff00
1111,1112,0.041664,15ff00
1111,1145,0.0,0000ff
1112,1113,0.000432,00ff00
1112,1146,0.041232,15ff00
1113,1114,0.023592,0cff00
1113,1147,0.034848,12ff00
1114,1115,0.0,0000ff
1114,1148,0.0,0000ff
1115,1116,0.092768,2fff00
1115,1149,0.069048,23ff00
1116,1117,0.170183,57ff00
1116,1150,0.098808,32ff00
1117,1118,0.281159,8fff00
1117,1151,0.057792,1dff00
1118,1119,0.298831,98ff00
1118,1152,0.02868,0fff00
1119,1120,0.309655,9eff00
1119,1153,0.0,0000ff
1120,1121,0.304351,9bff00
1120,1154,0.0,0000ff
1121,1088,0.298183,98ff00
1121,1155,0.0,0000ff
1122,1123,0.274189,8cff00
1122,0,0.0,0000ff
1123,1124,0.27124,8aff00
1123,1,0.0,0000ff
1124,1125,0.293489,96ff00
1124,2,0.0,0000ff
1125,1126,0.10696,37ff00
1125,3,0.03488,12ff00
1126,1127,0.288287,93ff00
1126,4,0.12488,40ff00
1127,1128,0.329858,a8ff00
1127,5,0.011688,06ff00
1128,1129,0.276021,8dff00
1128,6,0.11028,38ff00
1129,1130,0.209247,6bff00
1129,7,0.185744,5fff00
1130,1131,0.542956,ffe900
1130,8,0.81448,ff5f00
1131,1132,0.33049,a9ff00
1131,9,0.03528,12ff00
1132,1133,0.358935,b7ff00
1132,10,0.144264,4aff00
1133,1134,0.0,0000ff
1133,11,0.128944,42ff00
1134,1135,0.005736,03ff00
1134,12,0.092304,2fff00
1135,1136,0.005736,03ff00
1135,13,0.0,0000ff
1136,1137,0.005736,03ff00
1136,14,0.0,0000ff
1137,1138,0.005736,03ff00
1137,15,0.0,0000ff
1138,1139,0.005736,03ff00
1138,16,0.0,0000ff
1139,1140,0.005736,03ff00
1139,17,0.0,0000ff
1140,1141,0.005736,03ff00
1140,18,0.0,0000ff
1141,1142,0.005736,03ff00
1141,19,0.0,0000ff
1142,1143,0.017208,09ff00
1142,20,0.0,0000ff
1143,1144,0.022944,0cff00
1143,21,0.052272,1bff00
1144,1145,0.017208,09ff00
1144,22,0.058928,1eff00
1145,1146,0.017208,09ff00
1145,23,0.0,0000ff
1146,1147,0.017208,09ff00
1146,24,0.041232,15ff00
1147,1148,0.092839,2fff00
1147,25,0.149784,4cff00
1148,1149,0.075,26ff00
1148,26,0.0,0000ff
1149,1150,0.150496,4dff00
1149,27,0.0,0000ff
1150,1151,0.208504,6aff00
1150,28,0.041016,15ff00
1151,1152,0.232991,77ff00
1151,29,0.028896,0fff00
1152,1153,0.224366,72ff00
1152,30,0.0,0000ff
1153,1154,0.244743,7dff00
1153,31,0.0,0000ff
1154,1155,0.244743,7dff00
1154,32,0.0,0000ff
1155,1122,0.250479,80ff00
1155,33,0.0,0000ff
