0,1,0.022944,0cff00
0,34,0.0,0000ff
1,2,0.022944,0cff00
1,35,0.0,0000ff
2,3,0.022944,0cff00
2,36,0.0,0000ff
3,4,0.077136,27ff00
3,37,0.001488,01ff00
4,5,0.077632,28ff00
4,38,0.156255,50ff00
5,6,0.077632,28ff00
5,39,0.049856,19ff00
6,7,0.078128,28ff00
6,40,0.231296,76ff00
7,8,0.082499,2aff00
7,41,0.207495,6aff00
8,9,0.345024,b0ff00
8,42,0.350305,b3ff00
9,10,0.340805,aeff00
9,43,0.0,0000ff
10,11,0.080736,29ff00
10,44,0.137664,46ff00
11,12,0.149568,4cff00
11,45,0.091776,2fff00
12,13,0.377243,c0ff00
12,46,0.073136,25ff00
13,14,0.420402,d6ff00
13,47,0.0,0000ff
14,15,0.460951,ebff00
14,48,0.0,0000ff
15,16,0.515579,fff700
15,49,0.0,0000ff
16,17,0.558732,ffe100
16,50,0.0,0000ff
17,18,0.589087,ffd200
17,51,0.0,0000ff
18,19,0.574283,ffd900
18,52,0.0,0000ff
19,20,0.591542,ffd000
19,53,0.0,0000ff
20,21,0.577183,ffd800
20,54,0.0,0000ff
21,22,0.151296,4dff00
21,55,0.080304,29ff00
22,23,0.276253,8dff00
22,56,0.152976,4eff00
23,24,0.221691,71ff00
23,57,0.0,0000ff
24,25,0.188679,60ff00
24,58,0.00216,01ff00
25,26,0.001488,01ff00
25,59,0.0,0000ff
26,27,0.001488,01ff00
26,60,0.185979,5fff00
27,28,0.001488,01ff00
27,61,0.0,0000ff
28,29,0.000992,01ff00
28,62,0.001728,01ff00
29,30,0.000992,01ff00
29,63,0.001296,01ff00
30,31,0.000992,01ff00
30,64,0.0,0000ff
31,32,0.011472,06ff00
31,65,0.0,0000ff
32,33,0.022944,0cff00
32,66,0.0,0000ff
33,0,0.022944,0cff00
33,67,0.0,0000ff
34,35,0.0,0000ff
34,68,0.0,0000ff
35,36,0.048368,19ff00
35,69,0.0,0000ff
36,37,0.048928,19ff00
36,70,0.0,0000ff
37,38,0.058912,1eff00
37,71,0.0,0000ff
38,39,0.034416,12ff00
38,72,0.115152,3bff00
39,40,0.0,0000ff
39,73,0.118688,3dff00
40,41,0.0,0000ff
40,74,0.23328,77ff00
41,42,0.0,0000ff
41,75,0.207442,6aff00
42,43,0.034416,12ff00
42,76,0.10368,35ff00
43,44,0.047744,18ff00
43,77,0.002416,01ff00
44,45,0.105104,36ff00
44,78,0.266336,88ff00
45,46,0.162464,53ff00
45,79,0.034416,12ff00
46,47,0.13952,47ff00
46,80,0.073136,25ff00
47,48,0.13952,47ff00
47,81,0.0,0000ff
48,49,0.150992,4dff00
48,82,0.0,0000ff
49,50,0.156135,50ff00
49,83,0.0,0000ff
50,51,0.18528,5eff00
50,84,0.0,0000ff
51,52,0.162336,53ff00
51,85,0.0,0000ff
52,53,0.135125,45ff00
52,86,0.0,0000ff
53,54,0.139392,47ff00
53,87,0.0,0000ff
54,55,0.0,0000ff
54,88,0.0,0000ff
55,56,0.648291,ffb300
55,89,0.387168,c5ff00
56,57,0.337898,acff00
56,90,0.310394,9eff00
57,58,0.306277,9cff00
57,91,0.0,0000ff
58,59,0.15994,52ff00
58,92,0.0,0000ff
59,60,0.0,0000ff
59,93,0.143102,49ff00
60,61,0.0,0000ff
60,94,0.163323,53ff00
61,62,0.0,0000ff
61,95,0.0,0000ff
62,63,0.0,0000ff
62,96,0.024672,0dff00
63,64,0.0,0000ff
63,97,0.001296,01ff00
64,65,0.0,0000ff
64,98,0.0,0000ff
65,66,0.0,0000ff
65,99,0.0,0000ff
66,67,0.0,0000ff
66,100,0.0,0000ff
67,34,0.0,0000ff
67,101,0.0,0000ff
68,69,0.0,0000ff
68,102,0.0,0000ff
69,70,0.128176,41ff00
69,103,0.0,0000ff
70,71,0.15112,4dff00
70,104,0.0,0000ff
71,72,0.193897,63ff00
71,105,0.0,0000ff
72,73,0.220448,70ff00
72,106,0.115152,3bff00
73,74,0.234823,78ff00
73,107,0.100361,33ff00
74,75,0.186032,5fff00
74,108,0.232848,77ff00
75,76,0.186032,5fff00
75,109,0.000432,00ff00
76,77,0.0,0000ff
76,110,0.104672,35ff00
77,78,0.080304,29ff00
77,111,0.002416,01ff00
78,79,0.103248,35ff00
78,112,0.253281,81ff00
79,80,0.103248,35ff00
79,113,0.034416,12ff00
80,81,0.173376,58ff00
80,114,0.004304,02ff00
81,82,0.173376,58ff00
81,115,0.0,0000ff
82,83,0.173376,58ff00
82,116,0.0,0000ff
83,84,0.173808,59ff00
83,117,0.0,0000ff
84,85,0.158688,51ff00
84,118,0.0,0000ff
85,86,0.14572,4aff00
85,119,0.0,0000ff
86,87,0.116448,3bff00
86,120,0.0,0000ff
87,88,0.116448,3bff00
87,121,0.0,0000ff
88,89,0.116448,3bff00
88,122,0.175008,59ff00
89,90,0.022944,0cff00
89,123,0.085488,2cff00
90,91,0.05736,1dff00
90,124,0.0,0000ff
91,92,0.062745,20ff00
91,125,0.0,0000ff
92,93,0.093264,30ff00
92,126,0.0,0000ff
93,94,0.128112,41ff00
93,127,0.069824,24ff00
94,95,0.162753,53ff00
94,128,0.154617,4fff00
95,96,0.15304,4eff00
95,129,0.0,0000ff
96,97,0.140428,48ff00
96,130,0.024672,0dff00
97,98,0.130096,42ff00
97,131,0.0,0000ff
98,99,0.129664,42ff00
98,132,0.0,0000ff
99,100,0.131024,43ff00
99,133,0.034416,12ff00
100,101,0.151426,4dff00
100,134,0.0,0000ff
101,68,0.176912,5aff00
101,135,0.0,0000ff
102,103,0.0,0000ff
102,136,0.0,0000ff
103,104,0.0,0000ff
103,137,0.0,0000ff
104,105,0.0,0000ff
104,138,0.0,0000ff
105,106,0.0,0000ff
105,139,0.0,0000ff
106,107,0.0,0000ff
106,140,0.105428,36ff00
107,108,0.0,0000ff
107,141,0.085264,2bff00
108,109,0.0,0000ff
108,142,0.216408,6eff00
109,110,0.033525,11ff00
109,143,0.000432,00ff00
110,111,0.267312,88ff00
110,144,0.105664,36ff00
111,112,0.29095,94ff00
111,145,0.000992,01ff00
112,113,0.528699,fff000
112,146,0.010957,06ff00
113,114,0.530304,fff000
113,147,0.000185,00ff00
114,115,0.522289,fff400
114,148,0.0,0000ff
115,116,0.557551,ffe200
115,149,0.0,0000ff
116,117,0.673665,ffa600
116,150,0.0,0000ff
117,118,0.649424,ffb300
117,151,0.0,0000ff
118,119,0.623671,ffc000
118,152,0.0,0000ff
119,120,0.623671,ffc000
119,153,0.0,0000ff
120,121,0.627289,ffbe00
120,154,0.0,0000ff
121,122,0.634285,ffbb00
121,155,0.0,0000ff
122,123,0.40368,ceff00
122,156,0.011472,06ff00
123,124,0.198992,65ff00
123,157,0.200208,66ff00
124,125,0.05072,1aff00
124,158,0.246192,7eff00
125,126,0.072409,25ff00
125,159,0.0,0000ff
126,127,0.096608,31ff00
126,160,0.0,0000ff
127,128,0.0,0000ff
127,161,0.166432,55ff00
128,129,0.0,0000ff
128,162,0.140456,48ff00
129,130,0.0,0000ff
129,163,0.0,0000ff
130,131,0.0,0000ff
130,164,0.047616,18ff00
131,132,0.0,0000ff
131,165,0.0,0000ff
132,133,0.0,0000ff
132,166,0.0,0000ff
133,134,0.0,0000ff
133,167,0.034416,12ff00
134,135,0.0,0000ff
134,168,0.0,0000ff
135,102,0.0,0000ff
135,169,0.0,0000ff
136,137,0.093936,30ff00
136,170,0.0,0000ff
137,138,0.094368,30ff00
137,171,0.0,0000ff
138,139,0.094368,30ff00
138,172,0.0,0000ff
139,140,0.094368,30ff00
139,173,0.0,0000ff
140,141,0.0424,16ff00
140,174,0.0,0000ff
141,142,0.027392,0eff00
141,175,0.034416,12ff00
142,143,0.034416,12ff00
142,176,0.149136,4cff00
143,144,0.110416,38ff00
143,177,0.0,0000ff
144,145,0.163024,53ff00
144,178,0.092205,2fff00
145,146,0.197117,65ff00
145,179,0.000992,01ff00
146,147,0.208912,6bff00
146,180,0.012476,06ff00
147,148,0.204543,68ff00
147,181,0.0,0000ff
148,149,0.196944,64ff00
148,182,0.0,0000ff
149,150,0.196944,64ff00
149,183,0.0,0000ff
150,151,0.068832,23ff00
150,184,0.0,0000ff
151,152,0.068832,23ff00
151,185,0.0,0000ff
152,153,0.068832,23ff00
152,186,0.0,0000ff
153,154,0.068832,23ff00
153,187,0.0,0000ff
154,155,0.086984,2cff00
154,188,0.0,0000ff
155,156,0.085488,2cff00
155,189,0.0,0000ff
156,157,0.073152,25ff00
156,190,0.011472,06ff00
157,158,0.430342,dbff00
157,191,0.321222,a4ff00
158,159,0.26472,87ff00
158,192,0.0,0000ff
159,160,0.609311,ffc700
159,193,0.0,0000ff
160,161,0.608401,ffc800
160,194,0.0,0000ff
161,162,0.0,0000ff
161,195,0.774833,ff7300
162,163,0.0,0000ff
162,196,0.140176,47ff00
163,164,0.0,0000ff
163,197,0.0,0000ff
164,165,0.0,0000ff
164,198,0.047616,18ff00
165,166,0.0,0000ff
165,199,0.0,0000ff
166,167,0.0,0000ff
166,200,0.0,0000ff
167,168,0.078736,28ff00
167,201,0.0,0000ff
168,169,0.076236,27ff00
168,202,0.0,0000ff
169,136,0.082032,2aff00
169,203,0.0,0000ff
170,171,0.692733,ff9d00
170,204,0.0,0000ff
171,172,0.677279,ffa500
171,205,0.0,0000ff
172,173,0.646299,ffb400
172,206,0.0,0000ff
173,174,0.603141,ffca00
173,207,0.0,0000ff
174,175,0.516672,fff600
174,208,0.000992,01ff00
175,176,0.332688,aaff00
175,209,0.172117,58ff00
176,177,0.0,0000ff
176,210,0.026912,0eff00
177,178,0.022944,0cff00
177,211,0.0,0000ff
178,179,0.130918,43ff00
178,212,0.062916,20ff00
179,180,0.174,59ff00
179,213,0.0,0000ff
180,181,0.21064,6bff00
180,214,0.0,0000ff
181,182,0.21064,6bff00
181,215,0.0,0000ff
182,183,0.210576,6bff00
182,216,0.0,0000ff
183,184,0.212008,6cff00
183,217,0.0,0000ff
184,185,0.431031,dcff00
184,218,0.0,0000ff
185,186,0.449286,e5ff00
185,219,0.0,0000ff
186,187,0.427872,daff00
186,220,0.0,0000ff
187,188,0.404496,ceff00
187,221,0.0,0000ff
188,189,0.367863,bcff00
188,222,0.0,0000ff
189,190,0.335168,abff00
189,223,0.0,0000ff
190,191,0.332857,aaff00
190,224,0.0,0000ff
191,192,0.126192,40ff00
191,225,0.0,0000ff
192,193,0.402512,cdff00
192,226,0.0,0000ff
193,194,0.391469,c8ff00
193,227,0.0,0000ff
194,195,0.3828,c3ff00
194,228,0.0,0000ff
195,196,0.414912,d4ff00
195,229,0.690654,ff9e00
196,197,0.436946,dfff00
196,230,0.0396,14ff00
197,198,0.417293,d5ff00
197,231,0.0,0000ff
198,199,0.423056,d8ff00
198,232,0.104976,36ff00
199,200,0.333066,aaff00
199,233,0.0,0000ff
200,201,0.493526,fcff00
200,234,0.0,0000ff
201,202,0.710917,ff9300
201,235,0.0,0000ff
202,203,0.665807,ffaa00
202,236,0.0,0000ff
203,170,0.653048,ffb100
203,237,0.0,0000ff
204,205,0.360464,b8ff00
204,238,0.0,0000ff
205,206,0.360464,b8ff00
205,239,0.0,0000ff
206,207,0.360464,b8ff00
206,240,0.0,0000ff
207,208,0.360464,b8ff00
207,241,0.0,0000ff
208,209,0.352211,b4ff00
208,242,0.000992,01ff00
209,210,0.193223,63ff00
209,243,0.207488,6aff00
210,211,0.172512,58ff00
210,244,0.022944,0cff00
211,212,0.195456,64ff00
211,245,0.0,0000ff
212,213,0.183984,5eff00
212,246,0.0,0000ff
213,214,0.206928,6aff00
213,247,0.0,0000ff
214,215,0.234775,78ff00
214,248,0.0,0000ff
215,216,0.230004,75ff00
215,249,0.0,0000ff
216,217,0.27576,8dff00
216,250,0.0,0000ff
217,218,0.11434,3aff00
217,251,0.0,0000ff
218,219,0.091776,2fff00
218,252,0.0,0000ff
219,220,0.091776,2fff00
219,253,0.0,0000ff
220,221,0.091776,2fff00
220,254,0.0,0000ff
221,222,0.091776,2fff00
221,255,0.0,0000ff
222,223,0.091776,2fff00
222,256,0.0,0000ff
223,224,0.091776,2fff00
223,257,0.0,0000ff
224,225,0.091776,2fff00
224,258,0.0,0000ff
225,226,0.0,0000ff
225,259,0.0,0000ff
226,227,0.275775,8dff00
226,260,0.0,0000ff
227,228,0.267845,89ff00
227,261,0.0,0000ff
228,229,0.293664,96ff00
228,262,0.0,0000ff
229,230,0.634465,ffba00
229,263,0.176048,5aff00
230,231,0.60763,ffc800
230,264,0.038736,14ff00
231,232,0.595361,ffce00
231,265,0.0,0000ff
232,233,0.602854,ffcb00
232,266,0.136519,46ff00
233,234,0.289968,94ff00
233,267,0.0,0000ff
234,235,0.439544,e0ff00
234,268,0.02752,0eff00
235,236,0.407892,d0ff00
235,269,0.0,0000ff
236,237,0.376231,c0ff00
236,270,0.0,0000ff
237,204,0.211328,6cff00
237,271,0.0,0000ff
238,239,0.17208,58ff00
238,272,0.0,0000ff
239,240,0.183552,5eff00
239,273,0.0,0000ff
240,241,0.208417,6aff00
240,274,0.0,0000ff
241,242,0.263048,86ff00
241,275,0.0,0000ff
242,243,0.160608,52ff00
242,276,0.0,0000ff
243,244,0.0,0000ff
243,277,0.0,0000ff
244,245,0.0,0000ff
244,278,0.045888,17ff00
245,246,0.0,0000ff
245,279,0.0,0000ff
246,247,0.0,0000ff
246,280,0.0,0000ff
247,248,0.0,0000ff
247,281,0.0,0000ff
248,249,0.0,0000ff
248,282,0.0,0000ff
249,250,0.0,0000ff
249,283,0.0,0000ff
250,251,0.0,0000ff
250,284,0.0,0000ff
251,252,0.0,0000ff
251,285,0.0,0000ff
252,253,0.0,0000ff
252,286,0.0,0000ff
253,254,0.0,0000ff
253,287,0.0,0000ff
254,255,0.0,0000ff
254,288,0.0,0000ff
255,256,0.0,0000ff
255,289,0.0,0000ff
256,257,0.0,0000ff
256,290,0.0,0000ff
257,258,0.0,0000ff
257,291,0.0,0000ff
258,259,0.0,0000ff
258,292,0.0,0000ff
259,260,0.0,0000ff
259,293,0.0,0000ff
260,261,0.0,0000ff
260,294,0.0,0000ff
261,262,0.0,0000ff
261,295,0.0,0000ff
262,263,0.0,0000ff
262,296,0.0,0000ff
263,264,0.0,0000ff
263,297,0.197504,65ff00
264,265,0.0,0000ff
264,298,0.038736,14ff00
265,266,0.0,0000ff
265,299,0.0,0000ff
266,267,0.023568,0cff00
266,300,0.313756,a0ff00
267,268,0.023568,0cff00
267,301,0.034416,12ff00
268,269,0.052159,1bff00
268,302,0.02752,0eff00
269,270,0.083815,2bff00
269,303,0.0,0000ff
270,271,0.126328,40ff00
270,304,0.0,0000ff
271,238,0.149136,4cff00
271,305,0.0,0000ff
272,273,0.045888,17ff00
272,306,0.0,0000ff
273,274,0.045888,17ff00
273,307,0.0,0000ff
274,275,0.045888,17ff00
274,308,0.0,0000ff
275,276,0.045888,17ff00
275,309,0.0,0000ff
276,277,0.045888,17ff00
276,310,0.0,0000ff
277,278,0.045888,17ff00
277,311,0.0,0000ff
278,279,0.0,0000ff
278,312,0.0,0000ff
279,280,0.0,0000ff
279,313,0.0,0000ff
280,281,0.0,0000ff
280,314,0.0,0000ff
281,282,0.0,0000ff
281,315,0.0,0000ff
282,283,0.0,0000ff
282,316,0.0,0000ff
283,284,0.0,0000ff
283,317,0.0,0000ff
284,285,0.0,0000ff
284,318,0.0,0000ff
285,286,0.0,0000ff
285,319,0.0,0000ff
286,287,0.0,0000ff
286,320,0.0,0000ff
287,288,0.0,0000ff
287,321,0.0,0000ff
288,289,0.0,0000ff
288,322,0.0,0000ff
289,290,0.0,0000ff
289,323,0.0,0000ff
290,291,0.0,0000ff
290,324,0.0,0000ff
291,292,0.0,0000ff
291,325,0.0,0000ff
292,293,0.0,0000ff
292,326,0.0,0000ff
293,294,0.0,0000ff
293,327,0.0,0000ff
294,295,0.0,0000ff
294,328,0.0,0000ff
295,296,0.0,0000ff
295,329,0.0,0000ff
296,297,0.0,0000ff
296,330,0.0,0000ff
297,298,0.0,0000ff
297,331,0.208347,6aff00
298,299,0.0,0000ff
298,332,0.038736,14ff00
299,300,0.0,0000ff
299,333,0.0,0000ff
300,301,0.040279,15ff00
300,334,0.034416,12ff00
301,302,0.045888,17ff00
301,335,0.034416,12ff00
302,303,0.045888,17ff00
302,336,0.005169,03ff00
303,304,0.045888,17ff00
303,337,0.0,0000ff
304,305,0.045888,17ff00
304,338,0.0,0000ff
305,272,0.045888,17ff00
305,339,0.0,0000ff
306,307,0.022944,0cff00
306,340,0.0,0000ff
307,308,0.022944,0cff00
307,341,0.0,0000ff
308,309,0.022944,0cff00
308,342,0.0,0000ff
309,310,0.045888,17ff00
309,343,0.0,0000ff
310,311,0.0,0000ff
310,344,0.0,0000ff
311,312,0.0,0000ff
311,345,0.0,0000ff
312,313,0.0,0000ff
312,346,0.0,0000ff
313,314,0.0,0000ff
313,347,0.0,0000ff
314,315,0.0,0000ff
314,348,0.0,0000ff
315,316,0.0,0000ff
315,349,0.0,0000ff
316,317,0.0,0000ff
316,350,0.0,0000ff
317,318,0.0,0000ff
317,351,0.0,0000ff
318,319,0.0,0000ff
318,352,0.0,0000ff
319,320,0.0,0000ff
319,353,0.0,0000ff
320,321,0.0,0000ff
320,354,0.0,0000ff
321,322,0.0,0000ff
321,355,0.0,0000ff
322,323,0.0,0000ff
322,356,0.0,0000ff
323,324,0.0,0000ff
323,357,0.0,0000ff
324,325,0.0,0000ff
324,358,0.0,0000ff
325,326,0.0,0000ff
325,359,0.0,0000ff
326,327,0.0,0000ff
326,360,0.0,0000ff
327,328,0.0,0000ff
327,361,0.0,0000ff
328,329,0.0,0000ff
328,362,0.0,0000ff
329,330,0.0,0000ff
329,363,0.0,0000ff
330,331,0.0,0000ff
330,364,0.0,0000ff
331,332,0.212951,6dff00
331,365,0.0,0000ff
332,333,0.0,0000ff
332,366,0.0,0000ff
333,334,0.003024,02ff00
333,367,0.0,0000ff
334,335,0.003024,02ff00
334,368,0.034416,12ff00
335,336,0.003024,02ff00
335,369,0.034416,12ff00
336,337,0.003024,02ff00
336,370,0.004576,02ff00
337,338,0.003024,02ff00
337,371,0.0,0000ff
338,339,0.0218,0bff00
338,372,0.0,0000ff
339,306,0.022944,0cff00
339,373,0.0,0000ff
340,341,0.0,0000ff
340,374,0.0,0000ff
341,342,0.0,0000ff
341,375,0.0,0000ff
342,343,0.0,0000ff
342,376,0.0,0000ff
343,344,0.0,0000ff
343,377,0.0,0000ff
344,345,0.0,0000ff
344,378,0.0,0000ff
345,346,0.0,0000ff
345,379,0.0,0000ff
346,347,0.0,0000ff
346,380,0.0,0000ff
347,348,0.0,0000ff
347,381,0.0,0000ff
348,349,0.0,0000ff
348,382,0.0,0000ff
349,350,0.0,0000ff
349,383,0.0,0000ff
350,351,0.0,0000ff
350,384,0.0,0000ff
351,352,0.0,0000ff
351,385,0.0,0000ff
352,353,0.0,0000ff
352,386,0.0,0000ff
353,354,0.0,0000ff
353,387,0.0,0000ff
354,355,0.0,0000ff
354,388,0.0,0000ff
355,356,0.0,0000ff
355,389,0.0,0000ff
356,357,0.0,0000ff
356,390,0.0,0000ff
357,358,0.0,0000ff
357,391,0.0,0000ff
358,359,0.0,0000ff
358,392,0.0,0000ff
359,360,0.0,0000ff
359,393,0.0,0000ff
360,361,0.0,0000ff
360,394,0.0,0000ff
361,362,0.0,0000ff
361,395,0.0,0000ff
362,363,0.0,0000ff
362,396,0.0,0000ff
363,364,0.0,0000ff
363,397,0.0,0000ff
364,365,0.0,0000ff
364,398,0.0,0000ff
365,366,0.0,0000ff
365,399,0.0,0000ff
366,367,0.0,0000ff
366,400,0.0,0000ff
367,368,0.0,0000ff
367,401,0.0,0000ff
368,369,0.0,0000ff
368,402,0.034416,12ff00
369,370,0.0,0000ff
369,403,0.034416,12ff00
370,371,0.0,0000ff
370,404,0.004576,02ff00
371,372,0.0,0000ff
371,405,0.0,0000ff
372,373,0.0,0000ff
372,406,0.0,0000ff
373,340,0.0,0000ff
373,407,0.0,0000ff
374,375,0.0,0000ff
374,408,0.0,0000ff
375,376,0.0,0000ff
375,409,0.0,0000ff
376,377,0.0,0000ff
376,410,0.0,0000ff
377,378,0.0,0000ff
377,411,0.0,0000ff
378,379,0.0,0000ff
378,412,0.0,0000ff
379,380,0.0,0000ff
379,413,0.0,0000ff
380,381,0.0,0000ff
380,414,0.0,0000ff
381,382,0.0,0000ff
381,415,0.0,0000ff
382,383,0.0,0000ff
382,416,0.0,0000ff
383,384,0.0,0000ff
383,417,0.0,0000ff
384,385,0.0,0000ff
384,418,0.0,0000ff
385,386,0.0,0000ff
385,419,0.0,0000ff
386,387,0.0,0000ff
386,420,0.0,0000ff
387,388,0.0,0000ff
387,421,0.0,0000ff
388,389,0.0,0000ff
388,422,0.0,0000ff
389,390,0.0,0000ff
389,423,0.0,0000ff
390,391,0.0,0000ff
390,424,0.0,0000ff
391,392,0.0,0000ff
391,425,0.0,0000ff
392,393,0.0,0000ff
392,426,0.0,0000ff
393,394,0.0,0000ff
393,427,0.0,0000ff
394,395,0.0,0000ff
394,428,0.0,0000ff
395,396,0.0,0000ff
395,429,0.0,0000ff
396,397,0.0,0000ff
396,430,0.0,0000ff
397,398,0.0,0000ff
397,431,0.0,0000ff
398,399,0.0,0000ff
398,432,0.0,0000ff
399,400,0.0,0000ff
399,433,0.0,0000ff
400,401,0.0,0000ff
400,434,0.035536,12ff00
401,402,0.0,0000ff
401,435,0.0,0000ff
402,403,0.0,0000ff
402,436,0.034416,12ff00
403,404,0.0,0000ff
403,437,0.034416,12ff00
404,405,0.0,0000ff
404,438,0.004576,02ff00
405,406,0.0,0000ff
405,439,0.0,0000ff
406,407,0.0,0000ff
406,440,0.0,0000ff
407,374,0.0,0000ff
407,441,0.0,0000ff
408,409,0.0,0000ff
408,442,0.0,0000ff
409,410,0.0,0000ff
409,443,0.0,0000ff
410,411,0.0,0000ff
410,444,0.0,0000ff
411,412,0.0,0000ff
411,445,0.0,0000ff
412,413,0.0,0000ff
412,446,0.0,0000ff
413,414,0.0,0000ff
413,447,0.0,0000ff
414,415,0.0,0000ff
414,448,0.0,0000ff
415,416,0.0,0000ff
415,449,0.0,0000ff
416,417,0.0,0000ff
416,450,0.0,0000ff
417,418,0.0,0000ff
417,451,0.0,0000ff
418,419,0.0,0000ff
418,452,0.0,0000ff
419,420,0.0,0000ff
419,453,0.0,0000ff
420,421,0.0,0000ff
420,454,0.0,0000ff
421,422,0.0,0000ff
421,455,0.0,0000ff
422,423,0.0,0000ff
422,456,0.0,0000ff
423,424,0.0,0000ff
423,457,0.0,0000ff
424,425,0.0,0000ff
424,458,0.0,0000ff
425,426,0.0,0000ff
425,459,0.0,0000ff
426,427,0.0,0000ff
426,460,0.0,0000ff
427,428,0.0,0000ff
427,461,0.0,0000ff
428,429,0.0,0000ff
428,462,0.0,0000ff
429,430,0.0,0000ff
429,463,0.0,0000ff
430,431,0.0,0000ff
430,464,0.0,0000ff
431,432,0.0,0000ff
431,465,0.0,0000ff
432,433,0.0,0000ff
432,466,0.0,0000ff
433,434,0.0,0000ff
433,467,0.0,0000ff
434,435,0.0,0000ff
434,468,0.035536,12ff00
435,436,0.0,0000ff
435,469,0.0,0000ff
436,437,0.0,0000ff
436,470,0.034416,12ff00
437,438,0.0,0000ff
437,471,0.034416,12ff00
438,439,0.0,0000ff
438,472,0.004576,02ff00
439,440,0.0,0000ff
439,473,0.0,0000ff
440,441,0.0,0000ff
440,474,0.0,0000ff
441,408,0.0,0000ff
441,475,0.0,0000ff
442,443,0.082224,2aff00
442,476,0.0,0000ff
443,444,0.082224,2aff00
443,477,0.0,0000ff
444,445,0.05928,1eff00
444,478,0.035904,12ff00
445,446,0.0,0000ff
445,479,0.05928,1eff00
446,447,0.0,0000ff
446,480,0.0,0000ff
447,448,0.0,0000ff
447,481,0.0,0000ff
448,449,0.0,0000ff
448,482,0.0,0000ff
449,450,0.0,0000ff
449,483,0.0,0000ff
450,451,0.0,0000ff
450,484,0.0,0000ff
451,452,0.0,0000ff
451,485,0.0,0000ff
452,453,0.0,0000ff
452,486,0.0,0000ff
453,454,0.0,0000ff
453,487,0.0,0000ff
454,455,0.0,0000ff
454,488,0.0,0000ff
455,456,0.0,0000ff
455,489,0.0,0000ff
456,457,0.0,0000ff
456,490,0.0,0000ff
457,458,0.0,0000ff
457,491,0.0,0000ff
458,459,0.0,0000ff
458,492,0.0,0000ff
459,460,0.0,0000ff
459,493,0.0,0000ff
460,461,0.0,0000ff
460,494,0.0,0000ff
461,462,0.0,0000ff
461,495,0.0,0000ff
462,463,0.0,0000ff
462,496,0.0,0000ff
463,464,0.0,0000ff
463,497,0.0,0000ff
464,465,0.0,0000ff
464,498,0.0,0000ff
465,466,0.0,0000ff
465,499,0.0,0000ff
466,467,0.0,0000ff
466,500,0.0,0000ff
467,468,0.0,0000ff
467,501,0.0,0000ff
468,469,0.035536,12ff00
468,502,0.0,0000ff
469,470,0.035536,12ff00
469,503,0.0,0000ff
470,471,0.03776,13ff00
470,504,0.0,0000ff
471,472,0.040997,15ff00
471,505,0.0,0000ff
472,473,0.040672,15ff00
472,506,0.0,0000ff
473,474,0.040672,15ff00
473,507,0.0,0000ff
474,475,0.040672,15ff00
474,508,0.0,0000ff
475,442,0.0,0000ff
475,509,0.0,0000ff
476,477,0.0,0000ff
476,510,0.0,0000ff
477,478,0.0,0000ff
477,511,0.0,0000ff
478,479,0.0,0000ff
478,512,0.035904,12ff00
479,480,0.0,0000ff
479,513,0.058848,1eff00
480,481,0.0,0000ff
480,514,0.0,0000ff
481,482,0.0,0000ff
481,515,0.0,0000ff
482,483,0.0,0000ff
482,516,0.0,0000ff
483,484,0.0,0000ff
483,517,0.0,0000ff
484,485,0.0,0000ff
484,518,0.0,0000ff
485,486,0.0,0000ff
485,519,0.0,0000ff
486,487,0.0,0000ff
486,520,0.0,0000ff
487,488,0.0,0000ff
487,521,0.0,0000ff
488,489,0.0,0000ff
488,522,0.0,0000ff
489,490,0.0,0000ff
489,523,0.0,0000ff
490,491,0.0,0000ff
490,524,0.0,0000ff
491,492,0.0,0000ff
491,525,0.0,0000ff
492,493,0.0,0000ff
492,526,0.0,0000ff
493,494,0.0,0000ff
493,527,0.0,0000ff
494,495,0.0,0000ff
494,528,0.0,0000ff
495,496,0.0,0000ff
495,529,0.0,0000ff
496,497,0.0,0000ff
496,530,0.0,0000ff
497,498,0.0,0000ff
497,531,0.0,0000ff
498,499,0.0,0000ff
498,532,0.0,0000ff
499,500,0.0,0000ff
499,533,0.0,0000ff
500,501,0.0,0000ff
500,534,0.0,0000ff
501,502,0.0,0000ff
501,535,0.0,0000ff
502,503,0.0,0000ff
502,536,0.0,0000ff
503,504,0.0,0000ff
503,537,0.0,0000ff
504,505,0.0,0000ff
504,538,0.0,0000ff
505,506,0.0,0000ff
505,539,0.0,0000ff
506,507,0.0,0000ff
506,540,0.0,0000ff
507,508,0.0,0000ff
507,541,0.0,0000ff
508,509,0.0,0000ff
508,542,0.0,0000ff
509,476,0.0,0000ff
509,543,0.0,0000ff
510,511,0.0,0000ff
510,544,0.0,0000ff
511,512,0.0,0000ff
511,545,0.0,0000ff
512,513,0.0,0000ff
512,546,0.035408,12ff00
513,514,0.0,0000ff
513,547,0.058848,1eff00
514,515,0.0,0000ff
514,548,0.0,0000ff
515,516,0.0,0000ff
515,549,0.0,0000ff
516,517,0.0,0000ff
516,550,0.0,0000ff
517,518,0.0,0000ff
517,551,0.0,0000ff
518,519,0.0,0000ff
518,552,0.0,0000ff
519,520,0.0,0000ff
519,553,0.0,0000ff
520,521,0.11472,3bff00
520,554,0.11472,3bff00
521,522,0.11472,3bff00
521,555,0.0,0000ff
522,523,0.11472,3bff00
522,556,0.0,0000ff
523,524,0.11472,3bff00
523,557,0.0,0000ff
524,525,0.11472,3bff00
524,558,0.0,0000ff
525,526,0.11472,3bff00
525,559,0.0,0000ff
526,527,0.103248,35ff00
526,560,0.0,0000ff
527,528,0.073403,25ff00
527,561,0.0,0000ff
528,529,0.04632,18ff00
528,562,0.0,0000ff
529,530,0.023376,0cff00
529,563,0.0,0000ff
530,531,0.022944,0cff00
530,564,0.0,0000ff
531,532,0.022944,0cff00
531,565,0.0,0000ff
532,533,0.022944,0cff00
532,566,0.0,0000ff
533,534,0.00496,03ff00
533,567,0.555416,ffe300
534,535,0.00496,03ff00
534,568,0.0,0000ff
535,536,0.0,0000ff
535,569,0.00496,03ff00
536,537,0.0,0000ff
536,570,0.0,0000ff
537,538,0.0,0000ff
537,571,0.0,0000ff
538,539,0.0,0000ff
538,572,0.0,0000ff
539,540,0.0,0000ff
539,573,0.0,0000ff
540,541,0.0,0000ff
540,574,0.0,0000ff
541,542,0.0,0000ff
541,575,0.0,0000ff
542,543,0.0,0000ff
542,576,0.0,0000ff
543,510,0.0,0000ff
543,577,0.0,0000ff
544,545,0.0,0000ff
544,578,0.0,0000ff
545,546,0.0,0000ff
545,579,0.0,0000ff
546,547,0.0,0000ff
546,580,0.035408,12ff00
547,548,0.0,0000ff
547,581,0.058848,1eff00
548,549,0.0,0000ff
548,582,0.0,0000ff
549,550,0.0,0000ff
549,583,0.0,0000ff
550,551,0.0,0000ff
550,584,0.0,0000ff
551,552,0.0,0000ff
551,585,0.0,0000ff
552,553,0.0,0000ff
552,586,0.0,0000ff
553,554,0.0,0000ff
553,587,0.0,0000ff
554,555,0.0,0000ff
554,588,0.11472,3bff00
555,556,0.0,0000ff
555,589,0.0,0000ff
556,557,0.0,0000ff
556,590,0.0,0000ff
557,558,0.0,0000ff
557,591,0.0,0000ff
558,559,0.0,0000ff
558,592,0.0,0000ff
559,560,0.0,0000ff
559,593,0.0,0000ff
560,561,0.0,0000ff
560,594,0.0,0000ff
561,562,0.0,0000ff
561,595,0.0,0000ff
562,563,0.0,0000ff
562,596,0.0,0000ff
563,564,0.0,0000ff
563,597,0.0,0000ff
564,565,0.0,0000ff
564,598,0.0,0000ff
565,566,0.0,0000ff
565,599,0.0,0000ff
566,567,0.02424,0cff00
566,600,0.0,0000ff
567,568,0.000864,00ff00
567,601,0.586367,ffd300
568,569,0.000864,00ff00
568,602,0.0,0000ff
569,570,0.0,0000ff
569,603,0.00496,03ff00
570,571,0.0,0000ff
570,604,0.0,0000ff
571,572,0.0,0000ff
571,605,0.0,0000ff
572,573,0.0,0000ff
572,606,0.0,0000ff
573,574,0.0,0000ff
573,607,0.0,0000ff
574,575,0.0,0000ff
574,608,0.0,0000ff
575,576,0.0,0000ff
575,609,0.0,0000ff
576,577,0.0,0000ff
576,610,0.0,0000ff
577,544,0.0,0000ff
577,611,0.0,0000ff
578,579,0.342562,afff00
578,612,0.0,0000ff
579,580,0.28794,93ff00
579,613,0.0,0000ff
580,581,0.0,0000ff
580,614,0.0,0000ff
581,582,0.21456,6dff00
581,615,0.058848,1eff00
582,583,0.237008,79ff00
582,616,0.0,0000ff
583,584,0.24848,7fff00
583,617,0.0,0000ff
584,585,0.269565,89ff00
584,618,0.0,0000ff
585,586,0.27192,8bff00
585,619,0.0,0000ff
586,587,0.0,0000ff
586,620,0.27192,8bff00
587,588,0.0,0000ff
587,621,0.0,0000ff
588,589,0.0,0000ff
588,622,0.11472,3bff00
589,590,0.022944,0cff00
589,623,0.022944,0cff00
590,591,0.34416,b0ff00
590,624,0.321216,a4ff00
591,592,0.356064,b6ff00
591,625,0.02424,0cff00
592,593,0.356064,b6ff00
592,626,0.0,0000ff
593,594,0.356064,b6ff00
593,627,0.0,0000ff
594,595,0.351635,b3ff00
594,628,0.0,0000ff
595,596,0.367536,bbff00
595,629,0.0,0000ff
596,597,0.415361,d4ff00
596,630,0.0,0000ff
597,598,0.415733,d4ff00
597,631,0.0,0000ff
598,599,0.406713,cfff00
598,632,0.069824,24ff00
599,600,0.25629,83ff00
599,633,0.276624,8dff00
600,601,0.275328,8cff00
600,634,0.0,0000ff
601,602,0.252384,81ff00
601,635,0.587866,ffd200
602,603,0.252384,81ff00
602,636,0.0,0000ff
603,604,0.270049,8aff00
603,637,0.0,0000ff
604,605,0.287664,93ff00
604,638,0.0,0000ff
605,606,0.287664,93ff00
605,639,0.0,0000ff
606,607,0.317394,a2ff00
606,640,0.0,0000ff
607,608,0.345024,b0ff00
607,641,0.0,0000ff
608,609,0.369188,bcff00
608,642,0.0,0000ff
609,610,0.37944,c2ff00
609,643,0.0,0000ff
610,611,0.37944,c2ff00
610,644,0.0,0000ff
611,578,0.367104,bbff00
611,645,0.0,0000ff
612,613,0.0,0000ff
612,646,0.0,0000ff
613,614,0.0,0000ff
613,647,0.0,0000ff
614,615,0.0,0000ff
614,648,0.0,0000ff
615,616,0.0,0000ff
615,649,0.0,0000ff
616,617,0.771116,ff7500
616,650,0.0,0000ff
617,618,0.801716,ff6500
617,651,0.0,0000ff
618,619,0.805946,ff6300
618,652,0.0,0000ff
619,620,0.832253,ff5600
619,653,0.0,0000ff
620,621,0.045888,17ff00
620,654,0.981286,ff0a00
621,622,0.045888,17ff00
621,655,0.0,0000ff
622,623,0.045888,17ff00
622,656,0.115712,3bff00
623,624,0.069952,24ff00
623,657,0.103248,35ff00
624,625,0.2548,82ff00
624,658,0.472304,f1ff00
625,626,0.313328,a0ff00
625,659,0.06008,1fff00
626,627,0.337264,acff00
626,660,0.0,0000ff
627,628,0.356979,b6ff00
627,661,0.0,0000ff
628,629,0.372973,beff00
628,662,0.0,0000ff
629,630,0.398253,cbff00
629,663,0.0,0000ff
630,631,0.445428,e3ff00
630,664,0.0,0000ff
631,632,0.465616,edff00
631,665,0.0,0000ff
632,633,0.160608,52ff00
632,666,0.158271,51ff00
633,634,0.144181,4aff00
633,667,0.276624,8dff00
634,635,0.137664,46ff00
634,668,0.0,0000ff
635,636,0.0,0000ff
635,669,0.492212,fbff00
636,637,0.0,0000ff
636,670,0.0,0000ff
637,638,0.0,0000ff
637,671,0.0,0000ff
638,639,0.0,0000ff
638,672,0.0,0000ff
639,640,0.0,0000ff
639,673,0.0,0000ff
640,641,0.0,0000ff
640,674,0.0,0000ff
641,642,0.0,0000ff
641,675,0.0,0000ff
642,643,0.0,0000ff
642,676,0.0,0000ff
643,644,0.0,0000ff
643,677,0.0,0000ff
644,645,0.0,0000ff
644,678,0.0,0000ff
645,612,0.0,0000ff
645,679,0.0,0000ff
646,647,0.001984,01ff00
646,680,0.0,0000ff
647,648,0.000992,01ff00
647,681,0.0,0000ff
648,649,0.0,0000ff
648,682,0.0,0000ff
649,650,0.0,0000ff
649,683,0.0,0000ff
650,651,0.0,0000ff
650,684,0.0,0000ff
651,652,0.0,0000ff
651,685,0.0,0000ff
652,653,0.0,0000ff
652,686,0.0,0000ff
653,654,0.0,0000ff
653,687,0.0,0000ff
654,655,0.303911,9bff00
654,688,0.769267,ff7600
655,656,0.275328,8cff00
655,689,0.0,0000ff
656,657,0.34416,b0ff00
656,690,0.0,0000ff
657,658,0.201586,67ff00
657,691,0.103248,35ff00
658,659,0.175552,5aff00
658,692,0.503048,fffd00
659,660,0.103248,35ff00
659,693,0.025856,0dff00
660,661,0.11472,3bff00
660,694,0.0,0000ff
661,662,0.11472,3bff00
661,695,0.0,0000ff
662,663,0.332688,aaff00
662,696,0.0,0000ff
663,664,0.332688,aaff00
663,697,0.0,0000ff
664,665,0.332688,aaff00
664,698,0.0,0000ff
665,666,0.332688,aaff00
665,699,0.0,0000ff
666,667,0.332688,aaff00
666,700,0.17208,58ff00
667,668,0.332688,aaff00
667,701,0.276192,8dff00
668,669,0.305705,9cff00
668,702,0.0,0000ff
669,670,0.0,0000ff
669,703,0.208533,6aff00
670,671,0.0,0000ff
670,704,0.0,0000ff
671,672,0.0,0000ff
671,705,0.0,0000ff
672,673,0.0,0000ff
672,706,0.0,0000ff
673,674,0.0,0000ff
673,707,0.0,0000ff
674,675,0.0,0000ff
674,708,0.0,0000ff
675,676,0.0,0000ff
675,709,0.0,0000ff
676,677,0.0,0000ff
676,710,0.0,0000ff
677,678,0.039152,14ff00
677,711,0.07032,24ff00
678,679,0.024432,0cff00
678,712,0.0,0000ff
679,646,0.003968,02ff00
679,713,0.0,0000ff
680,681,0.0,0000ff
680,714,0.0,0000ff
681,682,0.0,0000ff
681,715,0.0,0000ff
682,683,0.0,0000ff
682,716,0.0,0000ff
683,684,0.0,0000ff
683,717,0.0,0000ff
684,685,0.0,0000ff
684,718,0.0,0000ff
685,686,0.0,0000ff
685,719,0.0,0000ff
686,687,0.0,0000ff
686,720,0.0,0000ff
687,688,0.0,0000ff
687,721,0.0,0000ff
688,689,0.183984,5eff00
688,722,0.738085,ff8600
689,690,0.206928,6aff00
689,723,0.0,0000ff
690,691,0.206928,6aff00
690,724,0.0,0000ff
691,692,0.470098,f0ff00
691,725,0.116448,3bff00
692,693,0.539369,ffeb00
692,726,0.493468,fcff00
693,694,0.250248,80ff00
693,727,0.022944,0cff00
694,695,0.46067,ebff00
694,728,0.000496,00ff00
695,696,0.483054,f6ff00
695,729,0.0,0000ff
696,697,0.495024,fcff00
696,730,0.230368,75ff00
697,698,0.506496,fffc00
697,731,0.0,0000ff
698,699,0.51549,fff700
698,732,0.0,0000ff
699,700,0.52944,fff000
699,733,0.0,0000ff
700,701,0.399134,ccff00
700,734,0.0,0000ff
701,702,0.139392,47ff00
701,735,0.022944,0cff00
702,703,0.12792,41ff00
702,736,0.0,0000ff
703,704,0.0,0000ff
703,737,0.11472,3bff00
704,705,0.0,0000ff
704,738,0.0,0000ff
705,706,0.0,0000ff
705,739,0.0,0000ff
706,707,0.0,0000ff
706,740,0.0,0000ff
707,708,0.0,0000ff
707,741,0.0,0000ff
708,709,0.0,0000ff
708,742,0.0,0000ff
709,710,0.0,0000ff
709,743,0.0,0000ff
710,711,0.0,0000ff
710,744,0.0,0000ff
711,712,0.0,0000ff
711,745,0.07032,24ff00
712,713,0.0,0000ff
712,746,0.0,0000ff
713,680,0.0,0000ff
713,747,0.0,0000ff
714,715,0.0,0000ff
714,748,0.0,0000ff
715,716,0.0,0000ff
715,749,0.0,0000ff
716,717,0.0,0000ff
716,750,0.0,0000ff
717,718,0.0,0000ff
717,751,0.0,0000ff
718,719,0.0,0000ff
718,752,0.0,0000ff
719,720,0.0,0000ff
719,753,0.0,0000ff
720,721,0.0,0000ff
720,754,0.0,0000ff
721,722,0.0,0000ff
721,755,0.0,0000ff
722,723,0.35656,b6ff00
722,756,0.390976,c7ff00
723,724,0.358338,b7ff00
723,757,0.0,0000ff
724,725,0.4164,d4ff00
724,758,0.022944,0cff00
725,726,0.207856,6aff00
725,759,0.034416,12ff00
726,727,0.413169,d3ff00
726,760,0.460329,ebff00
727,728,0.102794,34ff00
727,761,0.137664,46ff00
728,729,0.094139,30ff00
728,762,0.001984,01ff00
729,730,0.115584,3bff00
729,763,0.0,0000ff
730,731,0.115584,3bff00
730,764,0.230368,75ff00
731,732,0.115584,3bff00
731,765,0.0,0000ff
732,733,0.115152,3bff00
732,766,0.0,0000ff
733,734,0.115152,3bff00
733,767,0.0,0000ff
734,735,0.115152,3bff00
734,768,0.0,0000ff
735,736,0.11472,3bff00
735,769,0.0,0000ff
736,737,0.11472,3bff00
736,770,0.0,0000ff
737,738,0.0,0000ff
737,771,0.001296,01ff00
738,739,0.0,0000ff
738,772,0.0,0000ff
739,740,0.0,0000ff
739,773,0.0,0000ff
740,741,0.0,0000ff
740,774,0.0,0000ff
741,742,0.0,0000ff
741,775,0.0,0000ff
742,743,0.0,0000ff
742,776,0.0,0000ff
743,744,0.0,0000ff
743,777,0.0,0000ff
744,745,0.0,0000ff
744,778,0.0,0000ff
745,746,0.0,0000ff
745,779,0.0728,25ff00
746,747,0.0,0000ff
746,780,0.0,0000ff
747,714,0.0,0000ff
747,781,0.0,0000ff
748,749,0.05736,1dff00
748,782,0.0,0000ff
749,750,0.026693,0eff00
749,783,0.0,0000ff
750,751,0.011472,06ff00
750,784,0.0,0000ff
751,752,0.011472,06ff00
751,785,0.0,0000ff
752,753,0.011472,06ff00
752,786,0.0,0000ff
753,754,0.011472,06ff00
753,787,0.0,0000ff
754,755,0.011472,06ff00
754,788,0.0,0000ff
755,756,0.011472,06ff00
755,789,0.0,0000ff
756,757,0.17208,58ff00
756,790,0.257536,83ff00
757,758,0.240912,7bff00
757,791,0.0,0000ff
758,759,0.273589,8cff00
758,792,0.0,0000ff
759,760,0.190853,61ff00
759,793,0.0,0000ff
760,761,0.092768,2fff00
760,794,0.075904,27ff00
761,762,0.115216,3bff00
761,795,0.149136,4cff00
762,763,0.115216,3bff00
762,796,0.0,0000ff
763,764,0.115216,3bff00
763,797,0.0,0000ff
764,765,0.115216,3bff00
764,798,0.230368,75ff00
765,766,0.0,0000ff
765,799,0.0,0000ff
766,767,0.0,0000ff
766,800,0.0,0000ff
767,768,0.0,0000ff
767,801,0.0,0000ff
768,769,0.0,0000ff
768,802,0.0,0000ff
769,770,0.0,0000ff
769,803,0.0,0000ff
770,771,0.0,0000ff
770,804,0.0,0000ff
771,772,0.0,0000ff
771,805,0.001296,01ff00
772,773,0.0,0000ff
772,806,0.0,0000ff
773,774,0.0,0000ff
773,807,0.0,0000ff
774,775,0.0,0000ff
774,808,0.0,0000ff
775,776,0.0,0000ff
775,809,0.0,0000ff
776,777,0.0,0000ff
776,810,0.0,0000ff
777,778,0.0,0000ff
777,811,0.0,0000ff
778,779,0.0,0000ff
778,812,0.0,0000ff
779,780,0.11472,3bff00
779,813,0.0,0000ff
780,781,0.110249,38ff00
780,814,0.0,0000ff
781,748,0.080304,29ff00
781,815,0.0,0000ff
782,783,0.34626,b1ff00
782,816,0.0,0000ff
783,784,0.377447,c0ff00
783,817,0.0,0000ff
784,785,0.420832,d7ff00
784,818,0.0,0000ff
785,786,0.4204,d6ff00
785,819,0.0,0000ff
786,787,0.44248,e2ff00
786,820,0.0,0000ff
787,788,0.44248,e2ff00
787,821,0.0,0000ff
788,789,0.419104,d6ff00
788,822,0.0,0000ff
789,790,0.379744,c2ff00
789,823,0.0,0000ff
790,791,0.350528,b3ff00
790,824,0.034416,12ff00
791,792,0.307716,9dff00
791,825,0.034416,12ff00
792,793,0.321216,a4ff00
792,826,0.0,0000ff
793,794,0.162096,53ff00
793,827,0.119573,3dff00
794,795,0.206565,69ff00
794,828,0.068832,23ff00
795,796,0.219456,70ff00
795,829,0.149136,4cff00
796,797,0.219456,70ff00
796,830,0.0,0000ff
797,798,0.219456,70ff00
797,831,0.0,0000ff
798,799,0.0,0000ff
798,832,0.230368,75ff00
799,800,0.11805,3cff00
799,833,0.0,0000ff
800,801,0.107152,37ff00
800,834,0.0,0000ff
801,802,0.107152,37ff00
801,835,0.0,0000ff
802,803,0.107152,37ff00
802,836,0.0,0000ff
803,804,0.10616,36ff00
803,837,0.0,0000ff
804,805,0.083216,2aff00
804,838,0.0,0000ff
805,806,0.060272,1fff00
805,839,0.0,0000ff
806,807,0.028725,0fff00
806,840,0.0,0000ff
807,808,0.011904,06ff00
807,841,0.0,0000ff
808,809,0.002912,01ff00
808,842,0.0,0000ff
809,810,0.002912,01ff00
809,843,0.0,0000ff
810,811,0.001424,01ff00
810,844,0.0,0000ff
811,812,0.0,0000ff
811,845,0.0,0000ff
812,813,0.259871,85ff00
812,846,0.0,0000ff
813,814,0.275792,8dff00
813,847,0.0,0000ff
814,815,0.273376,8bff00
814,848,0.0,0000ff
815,782,0.303109,9bff00
815,849,0.0,0000ff
816,817,0.677166,ffa500
816,850,0.0,0000ff
817,818,0.660065,ffad00
817,851,0.0,0000ff
818,819,0.635999,ffba00
818,852,0.0,0000ff
819,820,0.666272,ffaa00
819,853,0.0,0000ff
820,821,0.494454,fcff00
820,854,0.17208,58ff00
821,822,0.11472,3bff00
821,855,0.366768,bbff00
822,823,0.068832,23ff00
822,856,0.045888,17ff00
823,824,0.045888,17ff00
823,857,0.034416,12ff00
824,825,0.023936,0cff00
824,858,0.091776,2fff00
825,826,0.022944,0cff00
825,859,0.034416,12ff00
826,827,0.022944,0cff00
826,860,0.0,0000ff
827,828,0.0,0000ff
827,861,0.047376,18ff00
828,829,0.0,0000ff
828,862,0.068832,23ff00
829,830,0.0,0000ff
829,863,0.16496,54ff00
830,831,0.0,0000ff
830,864,0.0,0000ff
831,832,0.0,0000ff
831,865,0.0,0000ff
832,833,0.0,0000ff
832,866,0.195952,64ff00
833,834,0.0,0000ff
833,867,0.0,0000ff
834,835,0.0,0000ff
834,868,0.0,0000ff
835,836,0.0,0000ff
835,869,0.0,0000ff
836,837,0.0,0000ff
836,870,0.0,0000ff
837,838,0.0,0000ff
837,871,0.0,0000ff
838,839,0.0,0000ff
838,872,0.0,0000ff
839,840,0.0,0000ff
839,873,0.0,0000ff
840,841,0.0,0000ff
840,874,0.0,0000ff
841,842,0.0,0000ff
841,875,0.0,0000ff
842,843,0.0,0000ff
842,876,0.0,0000ff
843,844,0.0,0000ff
843,877,0.0,0000ff
844,845,0.0,0000ff
844,878,0.0,0000ff
845,846,0.0,0000ff
845,879,0.0,0000ff
846,847,0.570457,ffdb00
846,880,0.240912,7bff00
847,848,0.601797,ffcb00
847,881,0.0,0000ff
848,849,0.63377,ffbb00
848,882,0.0,0000ff
849,816,0.665701,ffaa00
849,883,0.0,0000ff
850,851,0.086192,2cff00
850,884,0.0,0000ff
851,852,0.086192,2cff00
851,885,0.0,0000ff
852,853,0.0976,32ff00
852,886,0.0,0000ff
853,854,0.10808,37ff00
853,887,0.0,0000ff
854,855,0.114319,3aff00
854,888,0.17208,58ff00
855,856,0.119552,3dff00
855,889,0.361011,b8ff00
856,857,0.11593,3bff00
856,890,0.068832,23ff00
857,858,0.182345,5dff00
857,891,0.2868,92ff00
858,859,0.287232,92ff00
858,892,0.084272,2bff00
859,860,0.277501,8eff00
859,893,0.068832,23ff00
860,861,0.0,0000ff
860,894,0.0,0000ff
861,862,0.0,0000ff
861,895,0.0364,13ff00
862,863,0.0,0000ff
862,896,0.091776,2fff00
863,864,0.0,0000ff
863,897,0.17208,58ff00
864,865,0.0,0000ff
864,898,0.0,0000ff
865,866,0.0,0000ff
865,899,0.0,0000ff
866,867,0.0,0000ff
866,900,0.173008,58ff00
867,868,0.0,0000ff
867,901,0.0,0000ff
868,869,0.0,0000ff
868,902,0.0,0000ff
869,870,0.0,0000ff
869,903,0.0,0000ff
870,871,0.0,0000ff
870,904,0.0,0000ff
871,872,0.0,0000ff
871,905,0.0,0000ff
872,873,0.0,0000ff
872,906,0.0,0000ff
873,874,0.0,0000ff
873,907,0.0,0000ff
874,875,0.0,0000ff
874,908,0.0,0000ff
875,876,0.0,0000ff
875,909,0.0,0000ff
876,877,0.0,0000ff
876,910,0.0,0000ff
877,878,0.0,0000ff
877,911,0.0,0000ff
878,879,0.0,0000ff
878,912,0.0,0000ff
879,880,0.0,0000ff
879,913,0.0,0000ff
880,881,0.09816,32ff00
880,914,0.22944,75ff00
881,882,0.09816,32ff00
881,915,0.0,0000ff
882,883,0.09816,32ff00
882,916,0.0,0000ff
883,850,0.086688,2cff00
883,917,0.0,0000ff
884,885,0.6503,ffb200
884,918,0.0,0000ff
885,886,0.623211,ffc000
885,919,0.0,0000ff
886,887,0.623211,ffc000
886,920,0.0,0000ff
887,888,0.623211,ffc000
887,921,0.0,0000ff
888,889,0.586315,ffd300
888,922,0.183552,5eff00
889,890,0.288528,93ff00
889,923,0.636769,ffb900
890,891,0.182002,5dff00
890,924,0.047616,18ff00
891,892,0.190311,61ff00
891,925,0.31348,a0ff00
892,893,0.0,0000ff
892,926,0.303728,9bff00
893,894,0.0,0000ff
893,927,0.235835,78ff00
894,895,0.0,0000ff
894,928,0.0,0000ff
895,896,0.0,0000ff
895,929,0.047872,18ff00
896,897,0.0,0000ff
896,930,0.103248,35ff00
897,898,0.0,0000ff
897,931,0.183552,5eff00
898,899,0.0,0000ff
898,932,0.0,0000ff
899,900,0.0,0000ff
899,933,0.0,0000ff
900,901,0.0,0000ff
900,934,0.138592,47ff00
901,902,0.0,0000ff
901,935,0.0,0000ff
902,903,0.0,0000ff
902,936,0.0,0000ff
903,904,0.0,0000ff
903,937,0.0,0000ff
904,905,0.0,0000ff
904,938,0.0,0000ff
905,906,0.0,0000ff
905,939,0.0,0000ff
906,907,0.0,0000ff
906,940,0.0,0000ff
907,908,0.0,0000ff
907,941,0.0,0000ff
908,909,0.0,0000ff
908,942,0.0,0000ff
909,910,0.0,0000ff
909,943,0.0,0000ff
910,911,0.0,0000ff
910,944,0.0,0000ff
911,912,0.0,0000ff
911,945,0.0,0000ff
912,913,0.0,0000ff
912,946,0.0,0000ff
913,914,0.0,0000ff
913,947,0.0,0000ff
914,915,0.793352,ff6900
914,948,0.207792,6aff00
915,916,0.770408,ff7500
915,949,0.0,0000ff
916,917,0.725117,ff8c00
916,950,0.0,0000ff
917,884,0.693448,ff9c00
917,951,0.0,0000ff
918,919,0.315488,a1ff00
918,952,0.0,0000ff
919,920,0.34279,afff00
919,953,0.0,0000ff
920,921,0.340003,adff00
920,954,0.0,0000ff
921,922,0.338928,adff00
921,955,0.0,0000ff
922,923,0.325,a6ff00
922,956,0.204799,68ff00
923,924,0.295168,97ff00
923,957,0.563424,ffdf00
924,925,0.293248,96ff00
924,958,0.001728,01ff00
925,926,0.196512,64ff00
925,959,0.540695,ffea00
926,927,0.0,0000ff
926,960,0.534656,ffed00
927,928,0.0,0000ff
927,961,0.243392,7cff00
928,929,0.0,0000ff
928,962,0.0,0000ff
929,930,0.0,0000ff
929,963,0.082288,2aff00
930,931,0.0,0000ff
930,964,0.128991,42ff00
931,932,0.0,0000ff
931,965,0.183552,5eff00
932,933,0.0,0000ff
932,966,0.022944,0cff00
933,934,0.0,0000ff
933,967,0.0,0000ff
934,935,0.0,0000ff
934,968,0.115648,3bff00
935,936,0.0,0000ff
935,969,0.0,0000ff
936,937,0.0,0000ff
936,970,0.0,0000ff
937,938,0.0,0000ff
937,971,0.0,0000ff
938,939,0.0,0000ff
938,972,0.0,0000ff
939,940,0.0,0000ff
939,973,0.0,0000ff
940,941,0.0,0000ff
940,974,0.0,0000ff
941,942,0.0,0000ff
941,975,0.0,0000ff
942,943,0.0,0000ff
942,976,0.0,0000ff
943,944,0.0,0000ff
943,977,0.0,0000ff
944,945,0.0,0000ff
944,978,0.0,0000ff
945,946,0.0,0000ff
945,979,0.0,0000ff
946,947,0.0,0000ff
946,980,0.0,0000ff
947,948,0.365731,bbff00
947,981,0.011904,06ff00
948,949,0.388676,c6ff00
948,982,0.207792,6aff00
949,950,0.38432,c4ff00
949,983,0.0,0000ff
950,951,0.355628,b5ff00
950,984,0.0,0000ff
951,918,0.32696,a7ff00
951,985,0.0,0000ff
952,953,0.869655,ff4200
952,986,0.0,0000ff
953,954,0.81503,ff5e00
953,987,0.0,0000ff
954,955,0.769983,ff7500
954,988,0.0,0000ff
955,956,0.729108,ff8a00
955,989,0.0,0000ff
956,957,0.73776,ff8600
956,990,0.217968,6fff00
957,958,0.574527,ffd900
957,991,0.251768,80ff00
958,959,0.403248,ceff00
958,992,0.676473,ffa500
959,960,0.55939,ffe100
959,993,0.2543,82ff00
960,961,0.443865,e2ff00
960,994,0.582413,ffd500
961,962,0.0,0000ff
961,995,0.22144,71ff00
962,963,0.0,0000ff
962,996,0.0,0000ff
963,964,0.0,0000ff
963,997,0.09376,30ff00
964,965,0.0,0000ff
964,998,0.149136,4cff00
965,966,0.0,0000ff
965,999,0.183552,5eff00
966,967,0.0,0000ff
966,1000,0.022944,0cff00
967,968,0.0,0000ff
967,1001,0.0,0000ff
968,969,0.0,0000ff
968,1002,0.081232,29ff00
969,970,0.0,0000ff
969,1003,0.0,0000ff
970,971,0.0,0000ff
970,1004,0.0,0000ff
971,972,0.0,0000ff
971,1005,0.0,0000ff
972,973,0.0,0000ff
972,1006,0.0,0000ff
973,974,0.0,0000ff
973,1007,0.0,0000ff
974,975,0.0,0000ff
974,1008,0.0,0000ff
975,976,0.0,0000ff
975,1009,0.0,0000ff
976,977,0.0,0000ff
976,1010,0.0,0000ff
977,978,0.0,0000ff
977,1011,0.0,0000ff
978,979,0.0,0000ff
978,1012,0.0,0000ff
979,980,0.0,0000ff
979,1013,0.0,0000ff
980,981,0.011472,06ff00
980,1014,0.022944,0cff00
981,982,0.918451,ff2a00
981,1015,0.565664,ffde00
982,983,0.938953,ff1f00
982,1016,0.20736,6aff00
983,984,0.938273,ff1f00
983,1017,0.0,0000ff
984,985,0.938273,ff1f00
984,1018,0.0,0000ff
985,952,0.912803,ff2c00
985,1019,0.0,0000ff
986,987,0.385276,c4ff00
986,1020,0.0,0000ff
987,988,0.439899,e0ff00
987,1021,0.0,0000ff
988,989,0.462715,ecff00
988,1022,0.0,0000ff
989,990,0.471124,f0ff00
989,1023,0.0,0000ff
990,991,0.193952,63ff00
990,1024,0.209503,6bff00
991,992,0.42357,d8ff00
991,1025,0.105856,36ff00
992,993,0.397472,cbff00
992,1026,0.149568,4cff00
993,994,0.225392,73ff00
993,1027,0.107386,37ff00
994,995,0.0,0000ff
994,1028,0.830554,ff5600
995,996,0.0,0000ff
995,1029,0.233776,77ff00
996,997,0.0,0000ff
996,1030,0.0,0000ff
997,998,0.068832,23ff00
997,1031,0.0,0000ff
998,999,0.22944,75ff00
998,1032,0.0,0000ff
999,1000,0.423049,d8ff00
999,1033,0.0,0000ff
1000,1001,0.432657,ddff00
1000,1034,0.0,0000ff
1001,1002,0.412992,d3ff00
1001,1035,0.0,0000ff
1002,1003,0.385367,c5ff00
1002,1036,0.0,0000ff
1003,1004,0.0,0000ff
1003,1037,0.0,0000ff
1004,1005,0.0,0000ff
1004,1038,0.0,0000ff
1005,1006,0.0,0000ff
1005,1039,0.0,0000ff
1006,1007,0.000992,01ff00
1006,1040,0.0,0000ff
1007,1008,0.000992,01ff00
1007,1041,0.0,0000ff
1008,1009,0.000992,01ff00
1008,1042,0.0,0000ff
1009,1010,0.000992,01ff00
1009,1043,0.0,0000ff
1010,1011,0.000992,01ff00
1010,1044,0.0,0000ff
1011,1012,0.0,0000ff
1011,1045,0.000992,01ff00
1012,1013,0.0,0000ff
1012,1046,0.0,0000ff
1013,1014,0.0,0000ff
1013,1047,0.0,0000ff
1014,1015,0.001728,01ff00
1014,1048,0.0,0000ff
1015,1016,0.41768,d5ff00
1015,1049,0.253248,81ff00
1016,1017,0.43961,e0ff00
1016,1050,0.206928,6aff00
1017,1018,0.407963,d0ff00
1017,1051,0.0,0000ff
1018,1019,0.389745,c7ff00
1018,1052,0.0,0000ff
1019,986,0.378817,c1ff00
1019,1053,0.0,0000ff
1020,1021,0.642066,ffb700
1020,1054,0.0,0000ff
1021,1022,0.587441,ffd200
1021,1055,0.0,0000ff
1022,1023,0.532813,ffee00
1022,1056,0.0,0000ff
1023,1024,0.478183,f4ff00
1023,1057,0.0,0000ff
1024,1025,0.226016,73ff00
1024,1058,0.000432,00ff00
1025,1026,0.182176,5dff00
1025,1059,0.126688,41ff00
1026,1027,0.136112,45ff00
1026,1060,0.00192,01ff00
1027,1028,0.165936,55ff00
1027,1061,0.0,0000ff
1028,1029,0.399712,ccff00
1028,1062,0.590132,ffd100
1029,1030,0.507408,fffb00
1029,1063,0.141136,48ff00
1030,1031,0.520176,fff500
1030,1064,0.0,0000ff
1031,1032,0.387792,c6ff00
1031,1065,0.034416,12ff00
1032,1033,0.438718,e0ff00
1032,1066,0.05736,1dff00
1033,1034,0.500316,ffff00
1033,1067,0.001728,01ff00
1034,1035,0.530433,ffef00
1034,1068,0.0,0000ff
1035,1036,0.540082,ffeb00
1035,1069,0.0,0000ff
1036,1037,0.594275,ffcf00
1036,1070,0.0,0000ff
1037,1038,0.16872,56ff00
1037,1071,0.0,0000ff
1038,1039,0.162558,53ff00
1038,1072,0.0,0000ff
1039,1040,0.143856,49ff00
1039,1073,0.0,0000ff
1040,1041,0.141936,48ff00
1040,1074,0.0,0000ff
1041,1042,0.059555,1eff00
1041,1075,0.081792,2aff00
1042,1043,0.011472,06ff00
1042,1076,0.045888,17ff00
1043,1044,0.011472,06ff00
1043,1077,0.0,0000ff
1044,1045,0.011472,06ff00
1044,1078,0.0,0000ff
1045,1046,0.0,0000ff
1045,1079,0.012464,06ff00
1046,1047,0.0,0000ff
1046,1080,0.0,0000ff
1047,1048,0.011472,06ff00
1047,1081,0.0,0000ff
1048,1049,0.087557,2dff00
1048,1082,0.0,0000ff
1049,1050,0.810847,ff6000
1049,1083,0.245448,7dff00
1050,1051,0.756261,ff7c00
1050,1084,0.206928,6aff00
1051,1052,0.732746,ff8800
1051,1085,0.0,0000ff
1052,1053,0.716883,ff9000
1052,1086,0.0,0000ff
1053,1020,0.673742,ffa600
1053,1087,0.0,0000ff
1054,1055,0.337024,acff00
1054,1088,0.0,0000ff
1055,1056,0.31408,a0ff00
1055,1089,0.0,0000ff
1056,1057,0.335203,abff00
1056,1090,0.0,0000ff
1057,1058,0.106654,36ff00
1057,1091,0.0,0000ff
1058,1059,0.608692,ffc800
1058,1092,0.011904,06ff00
1059,1060,0.892153,ff3700
1059,1093,0.328925,a8ff00
1060,1061,0.858822,ff4800
1060,1094,0.0,0000ff
1061,1062,0.49083,faff00
1061,1095,0.0,0000ff
1062,1063,0.45248,e7ff00
1062,1096,1.0,ff0000
1063,1064,0.581152,ffd600
1063,1097,0.035408,12ff00
1064,1065,0.423526,d8ff00
1064,1098,0.0,0000ff
1065,1066,0.0,0000ff
1065,1099,0.034416,12ff00
1066,1067,0.022944,0cff00
1066,1100,0.05736,1dff00
1067,1068,0.022944,0cff00
1067,1101,0.001728,01ff00
1068,1069,0.022944,0cff00
1068,1102,0.0,0000ff
1069,1070,0.022944,0cff00
1069,1103,0.0,0000ff
1070,1071,0.022944,0cff00
1070,1104,0.0,0000ff
1071,1072,0.022944,0cff00
1071,1105,0.0,0000ff
1072,1073,0.022944,0cff00
1072,1106,0.0,0000ff
1073,1074,0.022944,0cff00
1073,1107,0.0,0000ff
1074,1075,0.022944,0cff00
1074,1108,0.0,0000ff
1075,1076,0.022944,0cff00
1075,1109,0.081792,2aff00
1076,1077,0.022944,0cff00
1076,1110,0.026784,0eff00
1077,1078,0.022944,0cff00
1077,1111,0.0,0000ff
1078,1079,0.022944,0cff00
1078,1112,0.0,0000ff
1079,1080,0.0,0000ff
1079,1113,0.035408,12ff00
1080,1081,0.0,0000ff
1080,1114,0.0,0000ff
1081,1082,0.05736,1dff00
1081,1115,0.0,0000ff
1082,1083,0.161472,52ff00
1082,1116,0.463719,ecff00
1083,1084,0.292534,95ff00
1083,1117,0.011904,06ff00
1084,1085,0.48616,f8ff00
1084,1118,0.000432,00ff00
1085,1086,0.48616,f8ff00
1085,1119,0.0,0000ff
1086,1087,0.439583,e0ff00
1086,1120,0.0,0000ff
1087,1054,0.384974,c4ff00
1087,1121,0.0,0000ff
1088,1089,0.093136,2fff00
1088,1122,0.0,0000ff
1089,1090,0.083776,2bff00
1089,1123,0.0,0000ff
1090,1091,0.083776,2bff00
1090,1124,0.0,0000ff
1091,1092,0.072736,25ff00
1091,1125,0.0,0000ff
1092,1093,0.254341,82ff00
1092,1126,0.0,0000ff
1093,1094,0.381871,c3ff00
1093,1127,0.0,0000ff
1094,1095,0.900063,ff3300
1094,1128,0.047744,18ff00
1095,1096,0.738047,ff8600
1095,1129,0.21795,6fff00
1096,1097,0.3595,b7ff00
1096,1130,1.0,ff0000
1097,1098,0.352615,b4ff00
1097,1131,0.019904,0aff00
1098,1099,0.187824,60ff00
1098,1132,0.0,0000ff
1099,1100,0.0,0000ff
1099,1133,0.128176,41ff00
1100,1101,0.0,0000ff
1100,1134,0.091776,2fff00
1101,1102,0.0,0000ff
1101,1135,0.0,0000ff
1102,1103,0.0,0000ff
1102,1136,0.0,0000ff
1103,1104,0.0,0000ff
1103,1137,0.0,0000ff
1104,1105,0.0,0000ff
1104,1138,0.0,0000ff
1105,1106,0.0,0000ff
1105,1139,0.0,0000ff
1106,1107,0.0,0000ff
1106,1140,0.0,0000ff
1107,1108,0.002592,01ff00
1107,1141,0.0,0000ff
1108,1109,0.002592,01ff00
1108,1142,0.0,0000ff
1109,1110,0.002592,01ff00
1109,1143,0.081792,2aff00
1110,1111,0.002592,01ff00
1110,1144,0.026784,0eff00
1111,1112,0.002592,01ff00
1111,1145,0.0,0000ff
1112,1113,0.002592,01ff00
1112,1146,0.0,0000ff
1113,1114,0.011472,06ff00
1113,1147,0.003584,02ff00
1114,1115,0.0,0000ff
1114,1148,0.0,0000ff
1115,1116,0.080304,29ff00
1115,1149,0.196763,64ff00
1116,1117,0.145294,4aff00
1116,1150,0.374225,bfff00
1117,1118,0.107264,37ff00
1117,1151,0.011472,06ff00
1118,1119,0.107264,37ff00
1118,1152,0.0,0000ff
1119,1120,0.125322,40ff00
1119,1153,0.0,0000ff
1120,1121,0.141184,48ff00
1120,1154,0.0,0000ff
1121,1088,0.118476,3cff00
1121,1155,0.0,0000ff
1122,1123,0.547204,ffe700
1122,0,0.0,0000ff
1123,1124,0.552384,ffe400
1123,1,0.0,0000ff
1124,1125,0.551088,ffe500
1124,2,0.0,0000ff
1125,1126,0.16512,54ff00
1125,3,0.001488,01ff00
1126,1127,0.332605,aaff00
1126,4,0.16104,52ff00
1127,1128,0.336389,acff00
1127,5,0.049856,19ff00
1128,1129,0.164192,54ff00
1128,6,0.219824,70ff00
1129,1130,0.164192,54ff00
1129,7,0.2316,76ff00
1130,1131,0.467052,eeff00
1130,8,0.765972,ff7700
1131,1132,0.2868,92ff00
1131,9,0.0,0000ff
1132,1133,0.254496,82ff00
1132,10,0.068832,23ff00
1133,1134,0.0,0000ff
1133,11,0.17208,58ff00
1134,1135,0.103248,35ff00
1134,12,0.091776,2fff00
1135,1136,0.126192,40ff00
1135,13,0.0,0000ff
1136,1137,0.126192,40ff00
1136,14,0.0,0000ff
1137,1138,0.126192,40ff00
1137,15,0.0,0000ff
1138,1139,0.126192,40ff00
1138,16,0.0,0000ff
1139,1140,0.126192,40ff00
1139,17,0.0,0000ff
1140,1141,0.126192,40ff00
1140,18,0.0,0000ff
1141,1142,0.126192,40ff00
1141,19,0.0,0000ff
1142,1143,0.126192,40ff00
1142,20,0.0,0000ff
1143,1144,0.126192,40ff00
1143,21,0.081792,2aff00
1144,1145,0.126192,40ff00
1144,22,0.026784,0eff00
1145,1146,0.11472,3bff00
1145,23,0.0,0000ff
1146,1147,0.091776,2fff00
1146,24,0.0,0000ff
1147,1148,0.160608,52ff00
1147,25,0.192008,62ff00
1148,1149,0.149136,4cff00
1148,26,0.0,0000ff
1149,1150,0.321216,a4ff00
1149,27,0.0,0000ff
1150,1151,0.672242,ffa700
1150,28,0.001728,01ff00
1151,1152,0.646884,ffb400
1151,29,0.001296,01ff00
1152,1153,0.624372,ffc000
1152,30,0.0,0000ff
1153,1154,0.622644,ffc000
1153,31,0.0,0000ff
1154,1155,0.604665,ffca00
1154,32,0.0,0000ff
1155,1122,0.550992,ffe500
1155,33,0.0,0000ff
