0,1,0.021725,0bff00
0,34,0.0,0000ff
1,2,0.021341,0bff00
1,35,0.0,0000ff
2,3,0.014896,08ff00
2,36,0.0,0000ff
3,4,0.31362,a0ff00
3,37,0.03929,14ff00
4,5,0.393104,c8ff00
4,38,0.081168,29ff00
5,6,0.321455,a4ff00
5,39,0.164749,54ff00
6,7,0.227062,74ff00
6,40,0.207254,6aff00
7,8,0.141718,48ff00
7,41,0.322598,a5ff00
8,9,0.260605,85ff00
8,42,0.193614,63ff00
9,10,0.196732,64ff00
9,43,0.0,0000ff
10,11,0.030915,10ff00
10,44,0.114778,3bff00
11,12,0.08815,2dff00
11,45,0.114886,3bff00
12,13,0.169617,57ff00
12,46,0.102029,34ff00
13,14,0.18079,5cff00
13,47,0.0,0000ff
14,15,0.185552,5fff00
14,48,0.0,0000ff
15,16,0.169405,56ff00
15,49,0.0,0000ff
16,17,0.152128,4eff00
16,50,0.0,0000ff
17,18,0.139405,47ff00
17,51,0.0,0000ff
18,19,0.130784,43ff00
18,52,0.0,0000ff
19,20,0.142533,49ff00
19,53,0.0,0000ff
20,21,0.142083,48ff00
20,54,0.0,0000ff
21,22,0.00961,05ff00
21,55,0.06,1fff00
22,23,0.094246,30ff00
22,56,0.064848,21ff00
23,24,0.103325,35ff00
23,57,0.0,0000ff
24,25,0.098563,32ff00
24,58,0.023315,0cff00
25,26,0.019046,0aff00
25,59,0.0,0000ff
26,27,0.029239,0fff00
26,60,0.079728,29ff00
27,28,0.017235,09ff00
27,61,0.0,0000ff
28,29,0.017235,09ff00
28,62,0.011744,06ff00
29,30,0.017235,09ff00
29,63,0.007315,04ff00
30,31,0.021824,0bff00
30,64,0.0,0000ff
31,32,0.021824,0bff00
31,65,0.0,0000ff
32,33,0.021824,0bff00
32,66,0.0,0000ff
33,0,0.021824,0bff00
33,67,0.0,0000ff
34,35,0.004589,02ff00
34,68,0.0,0000ff
35,36,0.135107,45ff00
35,69,0.0,0000ff
36,37,0.111731,39ff00
36,70,0.0,0000ff
37,38,0.070147,24ff00
37,71,0.0,0000ff
38,39,0.033005,11ff00
38,72,0.048701,19ff00
39,40,0.0,0000ff
39,73,0.181786,5dff00
40,41,0.0,0000ff
40,74,0.200643,66ff00
41,42,0.0,0000ff
41,75,0.322426,a4ff00
42,43,0.026787,0eff00
42,76,0.030013,0fff00
43,44,0.090717,2eff00
43,77,0.073121,25ff00
44,45,0.163923,54ff00
44,78,0.140806,48ff00
45,46,0.196861,64ff00
45,79,0.085082,2bff00
46,47,0.229117,75ff00
46,80,0.097094,32ff00
47,48,0.228944,75ff00
47,81,0.0,0000ff
48,49,0.215751,6eff00
48,82,0.0,0000ff
49,50,0.208215,6aff00
49,83,0.0,0000ff
50,51,0.207029,6aff00
50,84,0.0,0000ff
51,52,0.210362,6bff00
51,85,0.0,0000ff
52,53,0.230733,76ff00
52,86,0.0,0000ff
53,54,0.21018,6bff00
53,87,0.0,0000ff
54,55,0.00587,03ff00
54,88,0.016406,08ff00
55,56,0.281141,8fff00
55,89,0.28093,8fff00
56,57,0.169232,56ff00
56,90,0.116525,3bff00
57,58,0.173821,59ff00
57,91,0.0,0000ff
58,59,0.149066,4cff00
58,92,0.0,0000ff
59,60,0.0,0000ff
59,93,0.148799,4cff00
60,61,0.0,0000ff
60,94,0.075053,26ff00
61,62,0.0,0000ff
61,95,0.0,0000ff
62,63,0.004589,02ff00
62,96,0.020922,0bff00
63,64,0.004589,02ff00
63,97,0.007315,04ff00
64,65,0.004589,02ff00
64,98,0.0,0000ff
65,66,0.004589,02ff00
65,99,0.0,0000ff
66,67,0.004589,02ff00
66,100,0.0,0000ff
67,34,0.004589,02ff00
67,101,0.0,0000ff
68,69,0.0,0000ff
68,102,0.0,0000ff
69,70,0.119027,3dff00
69,103,0.0,0000ff
70,71,0.119114,3dff00
70,104,0.0,0000ff
71,72,0.118854,3dff00
71,105,0.0,0000ff
72,73,0.119114,3dff00
72,106,0.048426,19ff00
73,74,0.102595,34ff00
73,107,0.192787,62ff00
74,75,0.060778,1fff00
74,108,0.233555,77ff00
75,76,0.0188,0aff00
75,109,0.020909,0bff00
76,77,0.006883,04ff00
76,110,0.03248,11ff00
77,78,0.016419,08ff00
77,111,0.074397,26ff00
78,79,0.079949,29ff00
78,112,0.079677,29ff00
79,80,0.106483,36ff00
79,113,0.062547,20ff00
80,81,0.162019,53ff00
80,114,0.044026,16ff00
81,82,0.157344,50ff00
81,115,0.0,0000ff
82,83,0.162106,53ff00
82,116,0.0,0000ff
83,84,0.145339,4aff00
83,117,0.0,0000ff
84,85,0.141888,48ff00
84,118,0.0,0000ff
85,86,0.141888,48ff00
85,119,0.0,0000ff
86,87,0.141974,48ff00
86,120,0.0,0000ff
87,88,0.144586,4aff00
87,121,0.0,0000ff
88,89,0.144413,4aff00
88,122,0.044026,16ff00
89,90,0.025584,0dff00
89,123,0.100646,33ff00
90,91,0.030518,10ff00
90,124,0.028621,0fff00
91,92,0.045974,17ff00
91,125,0.0,0000ff
92,93,0.047922,18ff00
92,126,0.0,0000ff
93,94,0.063085,20ff00
93,127,0.142685,49ff00
94,95,0.083907,2bff00
94,128,0.062899,20ff00
95,96,0.090704,2eff00
95,129,0.0,0000ff
96,97,0.107334,37ff00
96,130,0.004848,02ff00
97,98,0.114304,3aff00
97,131,0.000173,00ff00
98,99,0.112746,3aff00
98,132,0.0,0000ff
99,100,0.131142,43ff00
99,133,0.048614,19ff00
100,101,0.126381,40ff00
100,134,0.0,0000ff
101,68,0.119498,3dff00
101,135,0.0,0000ff
102,103,0.0,0000ff
102,136,0.0,0000ff
103,104,0.0,0000ff
103,137,0.0,0000ff
104,105,0.0,0000ff
104,138,0.0,0000ff
105,106,0.0,0000ff
105,139,0.0,0000ff
106,107,0.0,0000ff
106,140,0.06935,23ff00
107,108,0.0,0000ff
107,141,0.191962,62ff00
108,109,0.0,0000ff
108,142,0.204696,68ff00
109,110,0.186444,5fff00
109,143,0.020909,0bff00
110,111,0.185539,5fff00
110,144,0.197264,65ff00
111,112,0.215824,6eff00
111,145,0.027965,0eff00
112,113,0.253942,82ff00
112,146,0.03697,13ff00
113,114,0.262524,86ff00
113,147,0.008366,04ff00
114,115,0.297188,98ff00
114,148,0.0,0000ff
115,116,0.28632,92ff00
115,149,0.0,0000ff
116,117,0.308915,9eff00
116,150,0.0,0000ff
117,118,0.301994,9aff00
117,151,0.0,0000ff
118,119,0.308877,9eff00
118,152,0.0,0000ff
119,120,0.330157,a8ff00
119,153,0.0,0000ff
120,121,0.32169,a4ff00
120,154,0.0,0000ff
121,122,0.317101,a2ff00
121,155,0.0,0000ff
122,123,0.189379,61ff00
122,156,0.016061,08ff00
123,124,0.32287,a5ff00
123,157,0.131229,43ff00
124,125,0.221654,71ff00
124,158,0.046879,18ff00
125,126,0.223478,72ff00
125,159,0.0,0000ff
126,127,0.235218,78ff00
126,160,0.0,0000ff
127,128,0.0,0000ff
127,161,0.326231,a6ff00
128,129,0.0,0000ff
128,162,0.074198,26ff00
129,130,0.0,0000ff
129,163,0.0,0000ff
130,131,0.0,0000ff
130,164,0.004848,02ff00
131,132,0.0,0000ff
131,165,0.000173,00ff00
132,133,0.0,0000ff
132,166,0.0,0000ff
133,134,0.0,0000ff
133,167,0.053203,1bff00
134,135,0.0,0000ff
134,168,0.0,0000ff
135,102,0.0,0000ff
135,169,0.0,0000ff
136,137,0.134717,45ff00
136,170,0.0,0000ff
137,138,0.13546,45ff00
137,171,0.0,0000ff
138,139,0.141725,48ff00
138,172,0.0,0000ff
139,140,0.139715,47ff00
139,173,0.0,0000ff
140,141,0.092826,2fff00
140,174,0.018787,0aff00
141,142,0.049046,19ff00
141,175,0.065318,21ff00
142,143,0.034762,12ff00
142,176,0.046234,18ff00
143,144,0.09961,33ff00
143,177,0.0,0000ff
144,145,0.156846,50ff00
144,178,0.191107,61ff00
145,146,0.157546,50ff00
145,179,0.019418,0aff00
146,147,0.151469,4dff00
146,180,0.043302,16ff00
147,148,0.157459,50ff00
147,181,0.004589,02ff00
148,149,0.161789,53ff00
148,182,0.0,0000ff
149,150,0.165019,54ff00
149,183,0.0,0000ff
150,151,0.121248,3eff00
150,184,0.0,0000ff
151,152,0.11455,3aff00
151,185,0.0,0000ff
152,153,0.114622,3aff00
152,186,0.0,0000ff
153,154,0.112819,3aff00
153,187,0.0,0000ff
154,155,0.111032,39ff00
154,188,0.0,0000ff
155,156,0.112406,39ff00
155,189,0.0,0000ff
156,157,0.082096,2aff00
156,190,0.053056,1bff00
157,158,0.229363,75ff00
157,191,0.297994,98ff00
158,159,0.064934,21ff00
158,192,0.0,0000ff
159,160,0.183245,5dff00
159,193,0.0,0000ff
160,161,0.183158,5dff00
160,194,0.0,0000ff
161,162,0.0,0000ff
161,195,0.488011,f9ff00
162,163,0.0,0000ff
162,196,0.074198,26ff00
163,164,0.0,0000ff
163,197,0.0,0000ff
164,165,0.0,0000ff
164,198,0.004848,02ff00
165,166,0.0,0000ff
165,199,0.000173,00ff00
166,167,0.0,0000ff
166,200,0.0,0000ff
167,168,0.135392,45ff00
167,201,0.0,0000ff
168,169,0.133184,44ff00
168,202,0.0,0000ff
169,136,0.134717,45ff00
169,203,0.0,0000ff
170,171,0.349936,b2ff00
170,204,0.0,0000ff
171,172,0.351946,b3ff00
171,205,0.0,0000ff
172,173,0.344544,b0ff00
172,206,0.0,0000ff
173,174,0.330579,a9ff00
173,207,0.0,0000ff
174,175,0.323411,a5ff00
174,208,0.018701,0aff00
175,176,0.137904,46ff00
175,209,0.098247,32ff00
176,177,0.060371,1fff00
176,210,0.027965,0eff00
177,178,0.096142,31ff00
177,211,0.0,0000ff
178,179,0.212027,6cff00
178,212,0.104634,35ff00
179,180,0.242163,7cff00
179,213,0.0,0000ff
180,181,0.283722,91ff00
180,214,0.0,0000ff
181,182,0.290346,94ff00
181,215,0.0,0000ff
182,183,0.285683,92ff00
182,216,0.0,0000ff
183,184,0.188032,60ff00
183,217,0.0,0000ff
184,185,0.345218,b0ff00
184,218,0.0,0000ff
185,186,0.3426,afff00
185,219,0.0,0000ff
186,187,0.339558,adff00
186,220,0.0,0000ff
187,188,0.327124,a7ff00
187,221,0.0,0000ff
188,189,0.327,a7ff00
188,222,0.0,0000ff
189,190,0.336435,acff00
189,223,0.0,0000ff
190,191,0.294249,96ff00
190,224,0.0,0000ff
191,192,0.066515,22ff00
191,225,0.0,0000ff
192,193,0.069366,23ff00
192,226,0.0,0000ff
193,194,0.053219,1bff00
193,227,0.0,0000ff
194,195,0.052358,1bff00
194,228,0.0,0000ff
195,196,0.18168,5dff00
195,229,0.431974,dcff00
196,197,0.191699,62ff00
196,230,0.046234,18ff00
197,198,0.184666,5eff00
197,231,0.0,0000ff
198,199,0.216874,6fff00
198,232,0.032381,11ff00
199,200,0.228963,75ff00
199,233,0.0,0000ff
200,201,0.287631,93ff00
200,234,0.0,0000ff
201,202,0.382947,c3ff00
201,235,0.011571,06ff00
202,203,0.372934,beff00
202,236,0.0,0000ff
203,170,0.347435,b1ff00
203,237,0.0,0000ff
204,205,0.383728,c4ff00
204,238,0.0,0000ff
205,206,0.396175,caff00
205,239,0.0,0000ff
206,207,0.405224,cfff00
206,240,0.0,0000ff
207,208,0.406862,cfff00
207,241,0.0,0000ff
208,209,0.289654,94ff00
208,242,0.081725,2aff00
209,210,0.154529,4fff00
209,243,0.093213,30ff00
210,211,0.106246,36ff00
210,244,0.030432,10ff00
211,212,0.111034,39ff00
211,245,0.0,0000ff
212,213,0.201814,67ff00
212,246,0.0,0000ff
213,214,0.208179,6aff00
213,247,0.0,0000ff
214,215,0.21743,6fff00
214,248,0.0,0000ff
215,216,0.20193,67ff00
215,249,0.0,0000ff
216,217,0.189997,61ff00
216,250,0.0,0000ff
217,218,0.180767,5cff00
217,251,0.0,0000ff
218,219,0.18129,5cff00
218,252,0.0,0000ff
219,220,0.181376,5dff00
219,253,0.0,0000ff
220,221,0.186138,5fff00
220,254,0.0,0000ff
221,222,0.19121,62ff00
221,255,0.0,0000ff
222,223,0.186608,5fff00
222,256,0.0,0000ff
223,224,0.176642,5aff00
223,257,0.0,0000ff
224,225,0.165958,55ff00
224,258,0.0,0000ff
225,226,0.0,0000ff
225,259,0.0,0000ff
226,227,0.123978,3fff00
226,260,0.0,0000ff
227,228,0.126272,40ff00
227,261,0.0,0000ff
228,229,0.13783,46ff00
228,262,0.0,0000ff
229,230,0.499107,ffff00
229,263,0.13737,46ff00
230,231,0.499026,ffff00
230,264,0.009264,05ff00
231,232,0.473954,f2ff00
231,265,0.0,0000ff
232,233,0.474922,f2ff00
232,266,0.041558,15ff00
233,234,0.152262,4eff00
233,267,0.0,0000ff
234,235,0.342973,afff00
234,268,0.046371,18ff00
235,236,0.325129,a6ff00
235,269,0.0,0000ff
236,237,0.331538,a9ff00
236,270,0.0,0000ff
237,204,0.257178,83ff00
237,271,0.0,0000ff
238,239,0.037229,13ff00
238,272,0.0,0000ff
239,240,0.03264,11ff00
239,273,0.0,0000ff
240,241,0.03264,11ff00
240,274,0.0,0000ff
241,242,0.03264,11ff00
241,275,0.0,0000ff
242,243,0.011472,06ff00
242,276,0.0,0000ff
243,244,0.0,0000ff
243,277,0.0,0000ff
244,245,0.0,0000ff
244,278,0.030432,10ff00
245,246,0.0,0000ff
245,279,0.0,0000ff
246,247,0.0,0000ff
246,280,0.0,0000ff
247,248,0.0,0000ff
247,281,0.0,0000ff
248,249,0.0,0000ff
248,282,0.0,0000ff
249,250,0.0,0000ff
249,283,0.0,0000ff
250,251,0.0,0000ff
250,284,0.0,0000ff
251,252,0.0,0000ff
251,285,0.0,0000ff
252,253,0.0,0000ff
252,286,0.0,0000ff
253,254,0.0,0000ff
253,287,0.0,0000ff
254,255,0.0,0000ff
254,288,0.0,0000ff
255,256,0.0,0000ff
255,289,0.0,0000ff
256,257,0.0,0000ff
256,290,0.0,0000ff
257,258,0.0,0000ff
257,291,0.0,0000ff
258,259,0.0,0000ff
258,292,0.0,0000ff
259,260,0.0,0000ff
259,293,0.0,0000ff
260,261,0.0,0000ff
260,294,0.0,0000ff
261,262,0.0,0000ff
261,295,0.0,0000ff
262,263,0.0,0000ff
262,296,0.0,0000ff
263,264,0.0,0000ff
263,297,0.13737,46ff00
264,265,0.0,0000ff
264,298,0.009264,05ff00
265,266,0.0,0000ff
265,299,0.0,0000ff
266,267,0.074038,26ff00
266,300,0.143246,49ff00
267,268,0.072141,25ff00
267,301,0.0,0000ff
268,269,0.062208,20ff00
268,302,0.050736,1aff00
269,270,0.062208,20ff00
269,303,0.0,0000ff
270,271,0.032986,11ff00
270,304,0.0,0000ff
271,238,0.037574,13ff00
271,305,0.0,0000ff
272,273,0.071318,24ff00
272,306,0.0,0000ff
273,274,0.06264,20ff00
273,307,0.0,0000ff
274,275,0.049552,19ff00
274,308,0.0,0000ff
275,276,0.044285,17ff00
275,309,0.0,0000ff
276,277,0.044285,17ff00
276,310,0.0,0000ff
277,278,0.030432,10ff00
277,311,0.0,0000ff
278,279,0.0,0000ff
278,312,0.0,0000ff
279,280,0.0,0000ff
279,313,0.0,0000ff
280,281,0.0,0000ff
280,314,0.0,0000ff
281,282,0.0,0000ff
281,315,0.0,0000ff
282,283,0.0,0000ff
282,316,0.0,0000ff
283,284,0.0,0000ff
283,317,0.0,0000ff
284,285,0.0,0000ff
284,318,0.0,0000ff
285,286,0.0,0000ff
285,319,0.0,0000ff
286,287,0.0,0000ff
286,320,0.0,0000ff
287,288,0.0,0000ff
287,321,0.0,0000ff
288,289,0.0,0000ff
288,322,0.0,0000ff
289,290,0.0,0000ff
289,323,0.0,0000ff
290,291,0.0,0000ff
290,324,0.0,0000ff
291,292,0.0,0000ff
291,325,0.0,0000ff
292,293,0.0,0000ff
292,326,0.0,0000ff
293,294,0.0,0000ff
293,327,0.0,0000ff
294,295,0.0,0000ff
294,328,0.0,0000ff
295,296,0.0,0000ff
295,329,0.0,0000ff
296,297,0.0,0000ff
296,330,0.0,0000ff
297,298,0.0,0000ff
297,331,0.13737,46ff00
298,299,0.0,0000ff
298,332,0.009264,05ff00
299,300,0.0,0000ff
299,333,0.0,0000ff
300,301,0.092726,2fff00
300,334,0.02159,0bff00
301,302,0.09264,2fff00
301,335,0.0,0000ff
302,303,0.078831,28ff00
302,336,0.050736,1aff00
303,304,0.074112,26ff00
303,337,0.0,0000ff
304,305,0.078701,28ff00
304,338,0.0,0000ff
305,272,0.08329,2aff00
305,339,0.0,0000ff
306,307,0.020822,0bff00
306,340,0.0,0000ff
307,308,0.020822,0bff00
307,341,0.0,0000ff
308,309,0.020822,0bff00
308,342,0.0,0000ff
309,310,0.020822,0bff00
309,343,0.0,0000ff
310,311,0.0,0000ff
310,344,0.0,0000ff
311,312,0.0,0000ff
311,345,0.0,0000ff
312,313,0.0,0000ff
312,346,0.0,0000ff
313,314,0.0,0000ff
313,347,0.0,0000ff
314,315,0.0,0000ff
314,348,0.0,0000ff
315,316,0.0,0000ff
315,349,0.0,0000ff
316,317,0.0,0000ff
316,350,0.0,0000ff
317,318,0.0,0000ff
317,351,0.0,0000ff
318,319,0.0,0000ff
318,352,0.0,0000ff
319,320,0.0,0000ff
319,353,0.0,0000ff
320,321,0.0,0000ff
320,354,0.0,0000ff
321,322,0.0,0000ff
321,355,0.0,0000ff
322,323,0.0,0000ff
322,356,0.0,0000ff
323,324,0.0,0000ff
323,357,0.0,0000ff
324,325,0.0,0000ff
324,358,0.0,0000ff
325,326,0.0,0000ff
325,359,0.0,0000ff
326,327,0.0,0000ff
326,360,0.0,0000ff
327,328,0.0,0000ff
327,361,0.0,0000ff
328,329,0.0,0000ff
328,362,0.0,0000ff
329,330,0.0,0000ff
329,363,0.0,0000ff
330,331,0.0,0000ff
330,364,0.0,0000ff
331,332,0.135075,45ff00
331,365,0.0,0000ff
332,333,0.0,0000ff
332,366,0.0,0000ff
333,334,0.03,0fff00
333,367,0.0,0000ff
334,335,0.025411,0dff00
334,368,0.021491,0bff00
335,336,0.025411,0dff00
335,369,0.0,0000ff
336,337,0.020822,0bff00
336,370,0.050736,1aff00
337,338,0.020822,0bff00
337,371,0.0,0000ff
338,339,0.020822,0bff00
338,372,0.0,0000ff
339,306,0.020822,0bff00
339,373,0.0,0000ff
340,341,0.0,0000ff
340,374,0.0,0000ff
341,342,0.0,0000ff
341,375,0.0,0000ff
342,343,0.0,0000ff
342,376,0.0,0000ff
343,344,0.0,0000ff
343,377,0.0,0000ff
344,345,0.0,0000ff
344,378,0.0,0000ff
345,346,0.0,0000ff
345,379,0.0,0000ff
346,347,0.0,0000ff
346,380,0.0,0000ff
347,348,0.0,0000ff
347,381,0.0,0000ff
348,349,0.0,0000ff
348,382,0.0,0000ff
349,350,0.0,0000ff
349,383,0.0,0000ff
350,351,0.0,0000ff
350,384,0.0,0000ff
351,352,0.0,0000ff
351,385,0.0,0000ff
352,353,0.0,0000ff
352,386,0.0,0000ff
353,354,0.0,0000ff
353,387,0.0,0000ff
354,355,0.0,0000ff
354,388,0.0,0000ff
355,356,0.0,0000ff
355,389,0.0,0000ff
356,357,0.0,0000ff
356,390,0.0,0000ff
357,358,0.0,0000ff
357,391,0.0,0000ff
358,359,0.0,0000ff
358,392,0.0,0000ff
359,360,0.0,0000ff
359,393,0.0,0000ff
360,361,0.0,0000ff
360,394,0.0,0000ff
361,362,0.0,0000ff
361,395,0.0,0000ff
362,363,0.0,0000ff
362,396,0.0,0000ff
363,364,0.0,0000ff
363,397,0.0,0000ff
364,365,0.0,0000ff
364,398,0.0,0000ff
365,366,0.0,0000ff
365,399,0.0,0000ff
366,367,0.0,0000ff
366,400,0.0,0000ff
367,368,0.0,0000ff
367,401,0.0,0000ff
368,369,0.0,0000ff
368,402,0.02608,0dff00
369,370,0.0,0000ff
369,403,0.0,0000ff
370,371,0.0,0000ff
370,404,0.050563,1aff00
371,372,0.0,0000ff
371,405,0.0,0000ff
372,373,0.0,0000ff
372,406,0.0,0000ff
373,340,0.0,0000ff
373,407,0.0,0000ff
374,375,0.0,0000ff
374,408,0.0,0000ff
375,376,0.0,0000ff
375,409,0.0,0000ff
376,377,0.0,0000ff
376,410,0.0,0000ff
377,378,0.0,0000ff
377,411,0.0,0000ff
378,379,0.0,0000ff
378,412,0.0,0000ff
379,380,0.0,0000ff
379,413,0.0,0000ff
380,381,0.0,0000ff
380,414,0.0,0000ff
381,382,0.0,0000ff
381,415,0.0,0000ff
382,383,0.0,0000ff
382,416,0.0,0000ff
383,384,0.0,0000ff
383,417,0.0,0000ff
384,385,0.0,0000ff
384,418,0.0,0000ff
385,386,0.0,0000ff
385,419,0.0,0000ff
386,387,0.0,0000ff
386,420,0.0,0000ff
387,388,0.0,0000ff
387,421,0.0,0000ff
388,389,0.0,0000ff
388,422,0.0,0000ff
389,390,0.0,0000ff
389,423,0.0,0000ff
390,391,0.0,0000ff
390,424,0.0,0000ff
391,392,0.0,0000ff
391,425,0.0,0000ff
392,393,0.0,0000ff
392,426,0.0,0000ff
393,394,0.0,0000ff
393,427,0.0,0000ff
394,395,0.0,0000ff
394,428,0.0,0000ff
395,396,0.0,0000ff
395,429,0.0,0000ff
396,397,0.0,0000ff
396,430,0.0,0000ff
397,398,0.0,0000ff
397,431,0.0,0000ff
398,399,0.0,0000ff
398,432,0.0,0000ff
399,400,0.0,0000ff
399,433,0.0,0000ff
400,401,0.0,0000ff
400,434,0.013766,07ff00
401,402,0.0,0000ff
401,435,0.0,0000ff
402,403,0.0,0000ff
402,436,0.02608,0dff00
403,404,0.0,0000ff
403,437,0.0,0000ff
404,405,0.0,0000ff
404,438,0.050563,1aff00
405,406,0.0,0000ff
405,439,0.0,0000ff
406,407,0.0,0000ff
406,440,0.0,0000ff
407,374,0.0,0000ff
407,441,0.0,0000ff
408,409,0.0,0000ff
408,442,0.0,0000ff
409,410,0.0,0000ff
409,443,0.0,0000ff
410,411,0.0,0000ff
410,444,0.0,0000ff
411,412,0.0,0000ff
411,445,0.0,0000ff
412,413,0.0,0000ff
412,446,0.0,0000ff
413,414,0.0,0000ff
413,447,0.0,0000ff
414,415,0.0,0000ff
414,448,0.0,0000ff
415,416,0.0,0000ff
415,449,0.0,0000ff
416,417,0.0,0000ff
416,450,0.0,0000ff
417,418,0.0,0000ff
417,451,0.0,0000ff
418,419,0.0,0000ff
418,452,0.0,0000ff
419,420,0.0,0000ff
419,453,0.0,0000ff
420,421,0.0,0000ff
420,454,0.0,0000ff
421,422,0.0,0000ff
421,455,0.0,0000ff
422,423,0.0,0000ff
422,456,0.0,0000ff
423,424,0.0,0000ff
423,457,0.0,0000ff
424,425,0.0,0000ff
424,458,0.0,0000ff
425,426,0.0,0000ff
425,459,0.0,0000ff
426,427,0.0,0000ff
426,460,0.0,0000ff
427,428,0.0,0000ff
427,461,0.0,0000ff
428,429,0.0,0000ff
428,462,0.0,0000ff
429,430,0.0,0000ff
429,463,0.0,0000ff
430,431,0.0,0000ff
430,464,0.0,0000ff
431,432,0.0,0000ff
431,465,0.0,0000ff
432,433,0.0,0000ff
432,466,0.0,0000ff
433,434,0.0,0000ff
433,467,0.0,0000ff
434,435,0.0,0000ff
434,468,0.013766,07ff00
435,436,0.0,0000ff
435,469,0.0,0000ff
436,437,0.0,0000ff
436,470,0.025994,0dff00
437,438,0.0,0000ff
437,471,0.0,0000ff
438,439,0.0,0000ff
438,472,0.050563,1aff00
439,440,0.0,0000ff
439,473,0.0,0000ff
440,441,0.0,0000ff
440,474,0.0,0000ff
441,408,0.0,0000ff
441,475,0.0,0000ff
442,443,0.032518,11ff00
442,476,0.0,0000ff
443,444,0.032518,11ff00
443,477,0.0,0000ff
444,445,0.016234,08ff00
444,478,0.016285,08ff00
445,446,0.0,0000ff
445,479,0.016234,08ff00
446,447,0.0,0000ff
446,480,0.0,0000ff
447,448,0.0,0000ff
447,481,0.0,0000ff
448,449,0.0,0000ff
448,482,0.0,0000ff
449,450,0.0,0000ff
449,483,0.0,0000ff
450,451,0.0,0000ff
450,484,0.0,0000ff
451,452,0.0,0000ff
451,485,0.0,0000ff
452,453,0.0,0000ff
452,486,0.0,0000ff
453,454,0.0,0000ff
453,487,0.0,0000ff
454,455,0.0,0000ff
454,488,0.0,0000ff
455,456,0.0,0000ff
455,489,0.0,0000ff
456,457,0.0,0000ff
456,490,0.0,0000ff
457,458,0.0,0000ff
457,491,0.0,0000ff
458,459,0.0,0000ff
458,492,0.0,0000ff
459,460,0.0,0000ff
459,493,0.0,0000ff
460,461,0.0,0000ff
460,494,0.0,0000ff
461,462,0.0,0000ff
461,495,0.0,0000ff
462,463,0.0,0000ff
462,496,0.0,0000ff
463,464,0.0,0000ff
463,497,0.0,0000ff
464,465,0.0,0000ff
464,498,0.0,0000ff
465,466,0.0,0000ff
465,499,0.0,0000ff
466,467,0.0,0000ff
466,500,0.0,0000ff
467,468,0.0,0000ff
467,501,0.0,0000ff
468,469,0.002554,01ff00
468,502,0.013766,07ff00
469,470,0.002554,01ff00
469,503,0.0,0000ff
470,471,0.034212,11ff00
470,504,0.0,0000ff
471,472,0.042154,15ff00
471,505,0.0,0000ff
472,473,0.076234,27ff00
472,506,0.0,0000ff
473,474,0.080909,29ff00
473,507,0.0,0000ff
474,475,0.090086,2eff00
474,508,0.0,0000ff
475,442,0.0,0000ff
475,509,0.0,0000ff
476,477,0.0,0000ff
476,510,0.0,0000ff
477,478,0.0,0000ff
477,511,0.0,0000ff
478,479,0.0,0000ff
478,512,0.015765,08ff00
479,480,0.0,0000ff
479,513,0.016234,08ff00
480,481,0.0,0000ff
480,514,0.0,0000ff
481,482,0.0,0000ff
481,515,0.0,0000ff
482,483,0.0,0000ff
482,516,0.0,0000ff
483,484,0.0,0000ff
483,517,0.0,0000ff
484,485,0.0,0000ff
484,518,0.0,0000ff
485,486,0.0,0000ff
485,519,0.0,0000ff
486,487,0.0,0000ff
486,520,0.0,0000ff
487,488,0.0,0000ff
487,521,0.0,0000ff
488,489,0.0,0000ff
488,522,0.0,0000ff
489,490,0.0,0000ff
489,523,0.0,0000ff
490,491,0.0,0000ff
490,524,0.0,0000ff
491,492,0.0,0000ff
491,525,0.0,0000ff
492,493,0.0,0000ff
492,526,0.0,0000ff
493,494,0.0,0000ff
493,527,0.0,0000ff
494,495,0.0,0000ff
494,528,0.0,0000ff
495,496,0.0,0000ff
495,529,0.0,0000ff
496,497,0.0,0000ff
496,530,0.0,0000ff
497,498,0.0,0000ff
497,531,0.0,0000ff
498,499,0.0,0000ff
498,532,0.0,0000ff
499,500,0.0,0000ff
499,533,0.0,0000ff
500,501,0.009264,05ff00
500,534,0.0,0000ff
501,502,0.0,0000ff
501,535,0.009264,05ff00
502,503,0.0,0000ff
502,536,0.013766,07ff00
503,504,0.0,0000ff
503,537,0.0,0000ff
504,505,0.0,0000ff
504,538,0.0,0000ff
505,506,0.0,0000ff
505,539,0.0,0000ff
506,507,0.0,0000ff
506,540,0.0,0000ff
507,508,0.0,0000ff
507,541,0.0,0000ff
508,509,0.0,0000ff
508,542,0.0,0000ff
509,476,0.0,0000ff
509,543,0.0,0000ff
510,511,0.0,0000ff
510,544,0.0,0000ff
511,512,0.0,0000ff
511,545,0.0,0000ff
512,513,0.0,0000ff
512,546,0.011696,06ff00
513,514,0.0,0000ff
513,547,0.016234,08ff00
514,515,0.0,0000ff
514,548,0.0,0000ff
515,516,0.0,0000ff
515,549,0.0,0000ff
516,517,0.0,0000ff
516,550,0.0,0000ff
517,518,0.0,0000ff
517,551,0.0,0000ff
518,519,0.0,0000ff
518,552,0.0,0000ff
519,520,0.0,0000ff
519,553,0.0,0000ff
520,521,0.000198,00ff00
520,554,9.9e-05,00ff00
521,522,0.004787,02ff00
521,555,0.0,0000ff
522,523,0.004886,02ff00
522,556,0.0,0000ff
523,524,0.004886,02ff00
523,557,0.0,0000ff
524,525,0.011472,06ff00
524,558,0.0,0000ff
525,526,0.011472,06ff00
525,559,0.0,0000ff
526,527,0.011472,06ff00
526,560,0.0,0000ff
527,528,0.011472,06ff00
527,561,0.0,0000ff
528,529,0.011472,06ff00
528,562,0.0,0000ff
529,530,0.013766,07ff00
529,563,0.0,0000ff
530,531,0.01616,08ff00
530,564,0.0,0000ff
531,532,0.01616,08ff00
531,565,0.0,0000ff
532,533,0.018454,09ff00
532,566,0.0,0000ff
533,534,0.0,0000ff
533,567,0.274851,8cff00
534,535,0.0,0000ff
534,568,0.0,0000ff
535,536,0.0,0000ff
535,569,0.005021,03ff00
536,537,0.0,0000ff
536,570,0.013766,07ff00
537,538,0.0,0000ff
537,571,0.0,0000ff
538,539,0.0,0000ff
538,572,0.0,0000ff
539,540,0.0,0000ff
539,573,0.0,0000ff
540,541,0.0,0000ff
540,574,0.0,0000ff
541,542,0.0,0000ff
541,575,0.0,0000ff
542,543,0.0,0000ff
542,576,0.0,0000ff
543,510,0.0,0000ff
543,577,0.0,0000ff
544,545,0.0,0000ff
544,578,0.0,0000ff
545,546,0.0,0000ff
545,579,0.0,0000ff
546,547,0.0,0000ff
546,580,0.016285,08ff00
547,548,0.0,0000ff
547,581,0.013939,07ff00
548,549,0.0,0000ff
548,582,0.0,0000ff
549,550,0.0,0000ff
549,583,0.0,0000ff
550,551,0.0,0000ff
550,584,0.0,0000ff
551,552,0.0,0000ff
551,585,0.0,0000ff
552,553,0.0,0000ff
552,586,0.0,0000ff
553,554,0.0,0000ff
553,587,0.0,0000ff
554,555,0.0,0000ff
554,588,9.9e-05,00ff00
555,556,0.0,0000ff
555,589,0.0,0000ff
556,557,0.0,0000ff
556,590,0.0,0000ff
557,558,0.0,0000ff
557,591,0.0,0000ff
558,559,0.0,0000ff
558,592,0.0,0000ff
559,560,0.0,0000ff
559,593,0.0,0000ff
560,561,0.0,0000ff
560,594,0.0,0000ff
561,562,0.0,0000ff
561,595,0.0,0000ff
562,563,0.0,0000ff
562,596,0.0,0000ff
563,564,0.0,0000ff
563,597,0.0,0000ff
564,565,0.0,0000ff
564,598,0.0,0000ff
565,566,0.0,0000ff
565,599,0.0,0000ff
566,567,0.023376,0cff00
566,600,0.0,0000ff
567,568,0.009264,05ff00
567,601,0.277235,8dff00
568,569,0.004675,02ff00
568,602,0.0,0000ff
569,570,0.0,0000ff
569,603,0.00935,05ff00
570,571,0.0,0000ff
570,604,0.013766,07ff00
571,572,0.0,0000ff
571,605,0.0,0000ff
572,573,0.0,0000ff
572,606,0.0,0000ff
573,574,0.0,0000ff
573,607,0.0,0000ff
574,575,0.0,0000ff
574,608,0.0,0000ff
575,576,0.0,0000ff
575,609,0.0,0000ff
576,577,0.0,0000ff
576,610,0.0,0000ff
577,544,0.0,0000ff
577,611,0.0,0000ff
578,579,0.035478,12ff00
578,612,0.0,0000ff
579,580,0.035306,12ff00
579,613,0.0,0000ff
580,581,0.0,0000ff
580,614,0.0,0000ff
581,582,0.21747,6fff00
581,615,0.00829,04ff00
582,583,0.198298,65ff00
582,616,0.0,0000ff
583,584,0.200592,66ff00
583,617,0.0,0000ff
584,585,0.215181,6eff00
584,618,0.0,0000ff
585,586,0.214285,6dff00
585,619,0.0,0000ff
586,587,0.0,0000ff
586,620,0.214285,6dff00
587,588,0.0,0000ff
587,621,0.0,0000ff
588,589,0.013853,07ff00
588,622,0.013853,07ff00
589,590,0.093248,30ff00
589,623,0.079309,28ff00
590,591,0.277268,8dff00
590,624,0.187233,5fff00
591,592,0.515917,fff700
591,625,0.230838,76ff00
592,593,0.500216,ffff00
592,626,0.0,0000ff
593,594,0.491823,fbff00
593,627,0.0,0000ff
594,595,0.460404,ebff00
594,628,0.0,0000ff
595,596,0.456548,e9ff00
595,629,0.0,0000ff
596,597,0.446509,e4ff00
596,630,0.0,0000ff
597,598,0.455338,e8ff00
597,631,0.0,0000ff
598,599,0.16977,57ff00
598,632,0.06063,1fff00
599,600,0.025411,0dff00
599,633,0.350019,b3ff00
600,601,0.03,0fff00
600,634,0.0,0000ff
601,602,0.03,0fff00
601,635,0.286326,92ff00
602,603,0.019237,0aff00
602,636,0.0,0000ff
603,604,0.023722,0cff00
603,637,0.0,0000ff
604,605,0.033098,11ff00
604,638,0.0,0000ff
605,606,0.033184,11ff00
605,639,0.0,0000ff
606,607,0.033184,11ff00
606,640,0.0,0000ff
607,608,0.028595,0fff00
607,641,0.0,0000ff
608,609,0.028595,0fff00
608,642,0.0,0000ff
609,610,0.028595,0fff00
609,643,0.0,0000ff
610,611,0.035478,12ff00
610,644,0.0,0000ff
611,578,0.035478,12ff00
611,645,0.0,0000ff
612,613,0.0,0000ff
612,646,0.0,0000ff
613,614,0.0,0000ff
613,647,0.0,0000ff
614,615,0.0,0000ff
614,648,0.0,0000ff
615,616,0.0,0000ff
615,649,0.0,0000ff
616,617,0.410542,d1ff00
616,650,0.0,0000ff
617,618,0.437236,dfff00
617,651,0.0,0000ff
618,619,0.436713,dfff00
618,652,0.0,0000ff
619,620,0.420034,d6ff00
619,653,0.0,0000ff
620,621,0.04896,19ff00
620,654,0.61854,ffc300
621,622,0.058534,1eff00
621,655,0.0,0000ff
622,623,0.077459,28ff00
622,656,0.028189,0eff00
623,624,0.134819,45ff00
623,657,0.125101,40ff00
624,625,0.192179,62ff00
624,658,0.197872,65ff00
625,626,0.462271,ecff00
625,659,0.351718,b3ff00
626,627,0.59459,ffcf00
626,660,0.020848,0bff00
627,628,0.56992,ffdb00
627,661,0.0,0000ff
628,629,0.569717,ffdb00
628,662,0.0,0000ff
629,630,0.564282,ffde00
629,663,0.0,0000ff
630,631,0.56176,ffe000
630,664,0.0,0000ff
631,632,0.533545,ffee00
631,665,0.0,0000ff
632,633,0.136699,46ff00
632,666,0.131888,43ff00
633,634,0.058483,1eff00
633,667,0.280742,8fff00
634,635,0.067661,23ff00
634,668,0.0,0000ff
635,636,0.0,0000ff
635,669,0.22793,74ff00
636,637,0.0,0000ff
636,670,0.0,0000ff
637,638,0.0,0000ff
637,671,0.0,0000ff
638,639,0.0,0000ff
638,672,0.0,0000ff
639,640,0.0,0000ff
639,673,0.0,0000ff
640,641,0.0,0000ff
640,674,0.0,0000ff
641,642,0.0,0000ff
641,675,0.0,0000ff
642,643,0.0,0000ff
642,676,0.0,0000ff
643,644,0.0,0000ff
643,677,0.0,0000ff
644,645,0.0,0000ff
644,678,0.0,0000ff
645,612,0.0,0000ff
645,679,0.0,0000ff
646,647,0.053389,1bff00
646,680,0.0,0000ff
647,648,0.053462,1bff00
647,681,0.0,0000ff
648,649,0.0,0000ff
648,682,0.0,0000ff
649,650,0.0,0000ff
649,683,0.0,0000ff
650,651,0.0,0000ff
650,684,0.0,0000ff
651,652,0.0,0000ff
651,685,0.0,0000ff
652,653,0.0,0000ff
652,686,0.0,0000ff
653,654,0.0,0000ff
653,687,0.0,0000ff
654,655,0.069934,24ff00
654,688,0.555094,ffe300
655,656,0.08194,2aff00
655,689,0.0,0000ff
656,657,0.130482,43ff00
656,690,0.0,0000ff
657,658,0.081613,2aff00
657,691,0.082208,2aff00
658,659,0.263898,87ff00
658,692,0.245094,7dff00
659,660,0.133528,44ff00
659,693,0.202774,67ff00
660,661,0.232106,76ff00
660,694,0.0,0000ff
661,662,0.244121,7dff00
661,695,0.0,0000ff
662,663,0.274474,8cff00
662,696,0.0,0000ff
663,664,0.269885,8aff00
663,697,0.0,0000ff
664,665,0.259247,84ff00
664,698,0.0,0000ff
665,666,0.246669,7eff00
665,699,0.0,0000ff
666,667,0.20416,68ff00
666,700,0.075523,27ff00
667,668,0.099635,33ff00
667,701,0.181104,5cff00
668,669,0.083661,2bff00
668,702,0.0,0000ff
669,670,0.0,0000ff
669,703,0.147427,4bff00
670,671,0.0,0000ff
670,704,0.0,0000ff
671,672,0.0,0000ff
671,705,0.0,0000ff
672,673,0.0,0000ff
672,706,0.0,0000ff
673,674,0.0,0000ff
673,707,0.0,0000ff
674,675,0.0,0000ff
674,708,0.0,0000ff
675,676,0.0,0000ff
675,709,0.0,0000ff
676,677,0.03697,13ff00
676,710,0.03697,13ff00
677,678,0.058224,1eff00
677,711,0.039437,14ff00
678,679,0.053475,1bff00
678,712,0.0,0000ff
679,646,0.053389,1bff00
679,713,0.0,0000ff
680,681,0.0,0000ff
680,714,0.0,0000ff
681,682,0.0,0000ff
681,715,0.0,0000ff
682,683,0.0,0000ff
682,716,0.0,0000ff
683,684,0.0,0000ff
683,717,0.0,0000ff
684,685,0.0,0000ff
684,718,0.0,0000ff
685,686,0.0,0000ff
685,719,0.0,0000ff
686,687,0.0,0000ff
686,720,0.0,0000ff
687,688,0.0,0000ff
687,721,0.0,0000ff
688,689,0.187728,60ff00
688,722,0.379145,c1ff00
689,690,0.192515,62ff00
689,723,0.0,0000ff
690,691,0.165542,54ff00
690,724,0.0,0000ff
691,692,0.136451,46ff00
691,725,0.115197,3bff00
692,693,0.295283,97ff00
692,726,0.185494,5fff00
693,694,0.393638,c9ff00
693,727,0.187907,60ff00
694,695,0.745128,ff8200
694,728,0.016234,08ff00
695,696,0.751187,ff7f00
695,729,0.0,0000ff
696,697,0.34561,b0ff00
696,730,0.03,0fff00
697,698,0.333242,aaff00
697,731,0.0,0000ff
698,699,0.299985,99ff00
698,732,0.0,0000ff
699,700,0.271552,8aff00
699,733,0.0,0000ff
700,701,0.202272,67ff00
700,734,0.0,0000ff
701,702,0.064475,21ff00
701,735,0.050563,1aff00
702,703,0.058138,1eff00
702,736,0.0,0000ff
703,704,0.0,0000ff
703,737,0.116045,3bff00
704,705,0.0,0000ff
704,738,0.0,0000ff
705,706,0.0,0000ff
705,739,0.0,0000ff
706,707,0.0,0000ff
706,740,0.0,0000ff
707,708,0.0,0000ff
707,741,0.0,0000ff
708,709,0.0,0000ff
708,742,0.0,0000ff
709,710,0.0,0000ff
709,743,0.0,0000ff
710,711,0.0,0000ff
710,744,0.03697,13ff00
711,712,0.0,0000ff
711,745,0.039264,14ff00
712,713,0.0,0000ff
712,746,0.0,0000ff
713,680,0.0,0000ff
713,747,0.0,0000ff
714,715,0.0,0000ff
714,748,0.0,0000ff
715,716,0.0,0000ff
715,749,0.0,0000ff
716,717,0.0,0000ff
716,750,0.0,0000ff
717,718,0.0,0000ff
717,751,0.0,0000ff
718,719,0.0,0000ff
718,752,0.0,0000ff
719,720,0.0,0000ff
719,753,0.0,0000ff
720,721,0.0,0000ff
720,754,0.0,0000ff
721,722,0.0,0000ff
721,755,0.0,0000ff
722,723,0.122813,3fff00
722,756,0.258795,84ff00
723,724,0.214295,6dff00
723,757,0.0,0000ff
724,725,0.280883,8fff00
724,758,0.072374,25ff00
725,726,0.280726,8fff00
725,759,0.102659,34ff00
726,727,0.289645,94ff00
726,760,0.249684,7fff00
727,728,0.13847,47ff00
727,761,0.07801,28ff00
728,729,0.145354,4aff00
728,762,0.055882,1cff00
729,730,0.129293,42ff00
729,763,0.0,0000ff
730,731,0.118298,3cff00
730,764,0.027706,0eff00
731,732,0.115526,3bff00
731,765,0.0,0000ff
732,733,0.110765,38ff00
732,766,0.0,0000ff
733,734,0.122237,3eff00
733,767,0.0,0000ff
734,735,0.122237,3eff00
734,768,0.0,0000ff
735,736,0.07176,25ff00
735,769,0.0,0000ff
736,737,0.067171,22ff00
736,770,0.0,0000ff
737,738,0.0,0000ff
737,771,0.053462,1bff00
738,739,0.0,0000ff
738,772,0.0,0000ff
739,740,0.0,0000ff
739,773,0.0,0000ff
740,741,0.0,0000ff
740,774,0.0,0000ff
741,742,0.0,0000ff
741,775,0.0,0000ff
742,743,0.0,0000ff
742,776,0.0,0000ff
743,744,0.0,0000ff
743,777,0.0,0000ff
744,745,0.0,0000ff
744,778,0.03697,13ff00
745,746,0.0,0000ff
745,779,0.039178,14ff00
746,747,0.0,0000ff
746,780,0.0,0000ff
747,714,0.0,0000ff
747,781,0.0,0000ff
748,749,0.039178,14ff00
748,782,0.0,0000ff
749,750,0.034589,12ff00
749,783,0.0,0000ff
750,751,0.03,0fff00
750,784,0.0,0000ff
751,752,0.03,0fff00
751,785,0.0,0000ff
752,753,0.03,0fff00
752,786,0.0,0000ff
753,754,0.03,0fff00
753,787,0.0,0000ff
754,755,0.030298,0fff00
754,788,0.0,0000ff
755,756,0.030298,0fff00
755,789,0.0,0000ff
756,757,0.093594,30ff00
756,790,0.183136,5dff00
757,758,0.132438,44ff00
757,791,0.0,0000ff
758,759,0.263792,87ff00
758,792,0.078355,28ff00
759,760,0.275238,8cff00
759,793,0.039091,14ff00
760,761,0.202048,67ff00
760,794,0.053475,1bff00
761,762,0.308488,9dff00
761,795,0.073766,26ff00
762,763,0.375674,c0ff00
762,796,0.000173,00ff00
763,764,0.364003,baff00
763,797,0.0,0000ff
764,765,0.393917,c9ff00
764,798,0.00935,05ff00
765,766,0.025584,0dff00
765,799,0.0,0000ff
766,767,0.025584,0dff00
766,800,0.0,0000ff
767,768,0.025584,0dff00
767,801,0.0,0000ff
768,769,0.025584,0dff00
768,802,0.0,0000ff
769,770,0.02567,0dff00
769,803,0.0,0000ff
770,771,0.023376,0cff00
770,804,0.0,0000ff
771,772,0.0,0000ff
771,805,0.032294,10ff00
772,773,0.0,0000ff
772,806,0.0,0000ff
773,774,0.0,0000ff
773,807,0.0,0000ff
774,775,0.0,0000ff
774,808,0.0,0000ff
775,776,0.0,0000ff
775,809,0.0,0000ff
776,777,0.0,0000ff
776,810,0.0,0000ff
777,778,0.0,0000ff
777,811,0.0,0000ff
778,779,0.0,0000ff
778,812,0.03697,13ff00
779,780,0.055338,1cff00
779,813,0.0,0000ff
780,781,0.057533,1dff00
780,814,0.0,0000ff
781,748,0.052318,1bff00
781,815,0.0,0000ff
782,783,0.361917,b9ff00
782,816,0.0,0000ff
783,784,0.346095,b1ff00
783,817,0.0,0000ff
784,785,0.322144,a4ff00
784,818,0.0,0000ff
785,786,0.334589,abff00
785,819,0.0,0000ff
786,787,0.311786,9fff00
786,820,0.0,0000ff
787,788,0.301227,9aff00
787,821,0.0,0000ff
788,789,0.318786,a3ff00
788,822,0.0,0000ff
789,790,0.277322,8dff00
789,823,0.00935,05ff00
790,791,0.388963,c6ff00
790,824,0.125798,40ff00
791,792,0.323162,a5ff00
791,825,0.116784,3cff00
792,793,0.183646,5eff00
792,826,0.0,0000ff
793,794,0.097142,32ff00
793,827,0.134523,45ff00
794,795,0.131917,43ff00
794,828,0.097943,32ff00
795,796,0.127155,41ff00
795,829,0.069178,23ff00
796,797,0.137087,46ff00
796,830,0.000173,00ff00
797,798,0.155034,4fff00
797,831,0.0,0000ff
798,799,0.02065,0bff00
798,832,0.00935,05ff00
799,800,0.056016,1dff00
799,833,0.008216,04ff00
800,801,0.05831,1eff00
800,834,0.0,0000ff
801,802,0.05831,1eff00
801,835,0.0,0000ff
802,803,0.058224,1eff00
802,836,0.0,0000ff
803,804,0.058224,1eff00
803,837,0.0,0000ff
804,805,0.058224,1eff00
804,838,0.0,0000ff
805,806,0.03528,12ff00
805,839,0.00935,05ff00
806,807,0.035194,12ff00
806,840,0.0,0000ff
807,808,0.00935,05ff00
807,841,0.030259,0fff00
808,809,0.00935,05ff00
808,842,0.0,0000ff
809,810,0.009264,05ff00
809,843,0.0,0000ff
810,811,0.009264,05ff00
810,844,0.0,0000ff
811,812,0.0,0000ff
811,845,0.0,0000ff
812,813,0.359709,b7ff00
812,846,0.0,0000ff
813,814,0.351618,b3ff00
813,847,0.0,0000ff
814,815,0.341613,aeff00
814,848,0.0,0000ff
815,782,0.35512,b5ff00
815,849,0.0,0000ff
816,817,0.406134,cfff00
816,850,0.0,0000ff
817,818,0.426148,d9ff00
817,851,0.0,0000ff
818,819,0.429317,dbff00
818,852,0.0,0000ff
819,820,0.438486,e0ff00
819,853,0.0,0000ff
820,821,0.43592,deff00
820,854,0.009363,05ff00
821,822,0.201763,67ff00
821,855,0.24805,7fff00
822,823,0.115722,3bff00
822,856,0.085782,2cff00
823,824,0.08535,2cff00
823,857,0.030544,10ff00
824,825,0.132189,43ff00
824,858,0.075695,27ff00
825,826,0.09992,33ff00
825,859,0.056275,1dff00
826,827,0.181295,5cff00
826,860,0.020736,0bff00
827,828,0.0,0000ff
827,861,0.144931,4aff00
828,829,0.011472,06ff00
828,862,0.082652,2aff00
829,830,0.011472,06ff00
829,863,0.069178,23ff00
830,831,0.011472,06ff00
830,864,0.000173,00ff00
831,832,0.00935,05ff00
831,865,0.0,0000ff
832,833,0.00935,05ff00
832,866,0.00935,05ff00
833,834,0.00935,05ff00
833,867,0.009264,05ff00
834,835,0.00935,05ff00
834,868,0.0,0000ff
835,836,0.00935,05ff00
835,869,0.0,0000ff
836,837,0.00935,05ff00
836,870,0.0,0000ff
837,838,0.00935,05ff00
837,871,0.0,0000ff
838,839,0.00935,05ff00
838,872,0.0,0000ff
839,840,0.0,0000ff
839,873,0.0,0000ff
840,841,0.0,0000ff
840,874,0.0,0000ff
841,842,0.0,0000ff
841,875,0.030259,0fff00
842,843,0.0,0000ff
842,876,0.0,0000ff
843,844,0.0,0000ff
843,877,0.0,0000ff
844,845,0.0,0000ff
844,878,0.0,0000ff
845,846,0.0,0000ff
845,879,0.0,0000ff
846,847,0.336877,acff00
846,880,0.050995,1aff00
847,848,0.355724,b5ff00
847,881,0.0,0000ff
848,849,0.356813,b6ff00
848,882,0.0,0000ff
849,816,0.379693,c2ff00
849,883,0.0,0000ff
850,851,0.150842,4dff00
850,884,0.0,0000ff
851,852,0.143699,49ff00
851,885,0.0,0000ff
852,853,0.148189,4cff00
852,886,0.0,0000ff
853,854,0.148016,4bff00
853,887,0.0,0000ff
854,855,0.157194,50ff00
854,888,0.009363,05ff00
855,856,0.15728,50ff00
855,889,0.26754,88ff00
856,857,0.139164,47ff00
856,890,0.112861,3aff00
857,858,0.231443,76ff00
857,891,0.074397,26ff00
858,859,0.078653,28ff00
858,892,0.138779,47ff00
859,860,0.108739,37ff00
859,893,0.139517,47ff00
860,861,0.0,0000ff
860,894,0.018528,09ff00
861,862,0.0,0000ff
861,895,0.087187,2cff00
862,863,0.0,0000ff
862,896,0.083117,2aff00
863,864,0.0,0000ff
863,897,0.069178,23ff00
864,865,0.0,0000ff
864,898,0.000173,00ff00
865,866,0.0,0000ff
865,899,0.0,0000ff
866,867,0.0,0000ff
866,900,0.00935,05ff00
867,868,0.0,0000ff
867,901,0.013853,07ff00
868,869,0.0,0000ff
868,902,0.0,0000ff
869,870,0.0,0000ff
869,903,0.0,0000ff
870,871,0.0,0000ff
870,904,0.0,0000ff
871,872,0.0,0000ff
871,905,0.0,0000ff
872,873,0.0,0000ff
872,906,0.0,0000ff
873,874,0.0,0000ff
873,907,0.0,0000ff
874,875,0.0,0000ff
874,908,0.0,0000ff
875,876,0.020909,0bff00
875,909,0.00935,05ff00
876,877,0.020909,0bff00
876,910,0.0,0000ff
877,878,0.020909,0bff00
877,911,0.0,0000ff
878,879,0.020909,0bff00
878,912,0.0,0000ff
879,880,0.0,0000ff
879,913,0.0,0000ff
880,881,0.160883,52ff00
880,914,0.050995,1aff00
881,882,0.164768,54ff00
881,915,0.0,0000ff
882,883,0.15833,51ff00
882,916,0.0,0000ff
883,850,0.159084,51ff00
883,917,0.0,0000ff
884,885,0.42836,daff00
884,918,0.0,0000ff
885,886,0.44173,e1ff00
885,919,0.0,0000ff
886,887,0.44873,e5ff00
886,920,0.0,0000ff
887,888,0.437222,dfff00
887,921,0.0,0000ff
888,889,0.408388,d0ff00
888,922,0.08705,2cff00
889,890,0.266105,88ff00
889,923,0.469487,efff00
890,891,0.13799,46ff00
890,924,0.098032,32ff00
891,892,0.060005,1fff00
891,925,0.083885,2bff00
892,893,0.0,0000ff
892,926,0.223078,72ff00
893,894,0.0,0000ff
893,927,0.345856,b0ff00
894,895,0.0,0000ff
894,928,0.071645,25ff00
895,896,0.0,0000ff
895,929,0.105462,36ff00
896,897,0.0,0000ff
896,930,0.083117,2aff00
897,898,0.0,0000ff
897,931,0.069178,23ff00
898,899,0.0,0000ff
898,932,0.000173,00ff00
899,900,0.0,0000ff
899,933,0.0,0000ff
900,901,0.0,0000ff
900,934,0.00935,05ff00
901,902,0.0,0000ff
901,935,0.013853,07ff00
902,903,0.0,0000ff
902,936,0.0,0000ff
903,904,0.0,0000ff
903,937,0.0,0000ff
904,905,0.0,0000ff
904,938,0.0,0000ff
905,906,0.0,0000ff
905,939,0.0,0000ff
906,907,0.0,0000ff
906,940,0.0,0000ff
907,908,0.0,0000ff
907,941,0.0,0000ff
908,909,0.0,0000ff
908,942,0.0,0000ff
909,910,0.00935,05ff00
909,943,0.0,0000ff
910,911,0.009264,05ff00
910,944,0.0,0000ff
911,912,0.009264,05ff00
911,945,0.0,0000ff
912,913,0.009178,05ff00
912,946,0.0,0000ff
913,914,0.0,0000ff
913,947,0.0,0000ff
914,915,0.438966,e0ff00
914,948,0.079464,29ff00
915,916,0.443317,e2ff00
915,949,0.0,0000ff
916,917,0.441826,e1ff00
916,950,0.0,0000ff
917,884,0.441437,e1ff00
917,951,0.0,0000ff
918,919,0.308077,9dff00
918,952,0.0,0000ff
919,920,0.309037,9eff00
919,953,0.0,0000ff
920,921,0.302413,9aff00
920,954,0.0,0000ff
921,922,0.329888,a8ff00
921,955,0.0,0000ff
922,923,0.348601,b2ff00
922,956,0.082461,2aff00
923,924,0.177235,5aff00
923,957,0.399136,ccff00
924,925,0.434284,ddff00
924,958,0.097398,32ff00
925,926,0.41543,d4ff00
925,959,0.120536,3dff00
926,927,0.0,0000ff
926,960,0.776595,ff7200
927,928,0.0,0000ff
927,961,0.339919,adff00
928,929,0.0,0000ff
928,962,0.06697,22ff00
929,930,0.0,0000ff
929,963,0.113371,3aff00
930,931,0.0,0000ff
930,964,0.087533,2dff00
931,932,0.0,0000ff
931,965,0.071472,24ff00
932,933,0.0,0000ff
932,966,0.000173,00ff00
933,934,0.0,0000ff
933,967,0.0,0000ff
934,935,0.0,0000ff
934,968,0.00935,05ff00
935,936,0.0,0000ff
935,969,0.013853,07ff00
936,937,0.0,0000ff
936,970,0.0,0000ff
937,938,0.0,0000ff
937,971,0.0,0000ff
938,939,0.0,0000ff
938,972,0.0,0000ff
939,940,0.0,0000ff
939,973,0.0,0000ff
940,941,0.0,0000ff
940,974,0.0,0000ff
941,942,0.0,0000ff
941,975,0.0,0000ff
942,943,0.0,0000ff
942,976,0.0,0000ff
943,944,0.0,0000ff
943,977,0.0,0000ff
944,945,0.0,0000ff
944,978,0.0,0000ff
945,946,0.0,0000ff
945,979,0.0,0000ff
946,947,0.0,0000ff
946,980,0.025709,0dff00
947,948,0.35168,b3ff00
947,981,0.144992,4aff00
948,949,0.354506,b5ff00
948,982,0.08223,2aff00
949,950,0.33615,abff00
949,983,0.0,0000ff
950,951,0.323849,a5ff00
950,984,0.0,0000ff
951,918,0.327318,a7ff00
951,985,0.0,0000ff
952,953,0.229966,75ff00
952,986,0.0,0000ff
953,954,0.2232,72ff00
953,987,0.0,0000ff
954,955,0.216144,6eff00
954,988,0.0,0000ff
955,956,0.21385,6dff00
955,989,0.0,0000ff
956,957,0.211728,6cff00
956,990,0.080166,29ff00
957,958,0.065539,21ff00
957,991,0.334214,aaff00
958,959,0.29286,95ff00
958,992,0.130992,43ff00
959,960,0.185898,5fff00
959,993,0.142947,49ff00
960,961,0.130686,43ff00
960,994,0.793438,ff6900
961,962,0.0,0000ff
961,995,0.440739,e1ff00
962,963,0.0,0000ff
962,996,0.06697,22ff00
963,964,0.0,0000ff
963,997,0.114918,3bff00
964,965,0.0,0000ff
964,998,0.087533,2dff00
965,966,0.0,0000ff
965,999,0.08303,2aff00
966,967,0.0,0000ff
966,1000,0.000173,00ff00
967,968,0.0,0000ff
967,1001,0.0,0000ff
968,969,0.0,0000ff
968,1002,0.00935,05ff00
969,970,0.0,0000ff
969,1003,0.009264,05ff00
970,971,0.0,0000ff
970,1004,0.0,0000ff
971,972,0.0,0000ff
971,1005,0.0,0000ff
972,973,0.0,0000ff
972,1006,0.0,0000ff
973,974,0.0,0000ff
973,1007,0.0,0000ff
974,975,0.0,0000ff
974,1008,0.0,0000ff
975,976,0.0,0000ff
975,1009,0.0,0000ff
976,977,0.0,0000ff
976,1010,0.0,0000ff
977,978,0.0,0000ff
977,1011,0.0,0000ff
978,979,0.0,0000ff
978,1012,0.0,0000ff
979,980,0.0,0000ff
979,1013,0.0,0000ff
980,981,0.02065,0bff00
980,1014,0.04177,15ff00
981,982,0.145402,4aff00
981,1015,0.328483,a8ff00
982,983,0.24649,7eff00
982,1016,0.087251,2cff00
983,984,0.241555,7bff00
983,1017,0.0,0000ff
984,985,0.239261,7aff00
984,1018,0.0,0000ff
985,952,0.232291,76ff00
985,1019,0.0,0000ff
986,987,0.478502,f4ff00
986,1020,0.0,0000ff
987,988,0.495281,fdff00
987,1021,0.0,0000ff
988,989,0.506989,fffb00
988,1022,0.0,0000ff
989,990,0.496433,fdff00
989,1023,0.0,0000ff
990,991,0.258983,84ff00
990,1024,0.106963,37ff00
991,992,0.368872,bcff00
991,1025,0.274624,8cff00
992,993,0.335983,abff00
992,1026,0.060278,1fff00
993,994,0.276794,8dff00
993,1027,0.070067,24ff00
994,995,0.092778,2fff00
994,1028,0.937852,ff2000
995,996,0.158463,51ff00
995,1029,0.391384,c8ff00
996,997,0.215675,6eff00
996,1030,0.006883,04ff00
997,998,0.096365,31ff00
997,1031,0.0,0000ff
998,999,0.172624,58ff00
998,1032,0.0,0000ff
999,1000,0.250798,80ff00
999,1033,0.0,0000ff
1000,1001,0.235178,78ff00
1000,1034,0.0,0000ff
1001,1002,0.223184,72ff00
1001,1035,0.0,0000ff
1002,1003,0.214701,6dff00
1002,1036,0.0,0000ff
1003,1004,0.009462,05ff00
1003,1037,0.0,0000ff
1004,1005,0.01193,06ff00
1004,1038,0.0,0000ff
1005,1006,0.012016,06ff00
1005,1039,0.0,0000ff
1006,1007,0.02065,0bff00
1006,1040,0.0,0000ff
1007,1008,0.02065,0bff00
1007,1041,0.0,0000ff
1008,1009,0.020736,0bff00
1008,1042,0.0,0000ff
1009,1010,0.020909,0bff00
1009,1043,0.0,0000ff
1010,1011,0.020909,0bff00
1010,1044,0.0,0000ff
1011,1012,0.004589,02ff00
1011,1045,0.025498,0dff00
1012,1013,0.004589,02ff00
1012,1046,0.0,0000ff
1013,1014,0.004589,02ff00
1013,1047,0.0,0000ff
1014,1015,0.073693,26ff00
1014,1048,0.025709,0dff00
1015,1016,0.496915,fdff00
1015,1049,0.22615,73ff00
1016,1017,0.489119,f9ff00
1016,1050,0.089632,2eff00
1017,1018,0.488424,f9ff00
1017,1051,0.0,0000ff
1018,1019,0.473126,f1ff00
1018,1052,0.0,0000ff
1019,986,0.471533,f0ff00
1019,1053,0.0,0000ff
1020,1021,0.386705,c5ff00
1020,1054,0.0,0000ff
1021,1022,0.377642,c1ff00
1021,1055,0.0,0000ff
1022,1023,0.382561,c3ff00
1022,1056,0.0,0000ff
1023,1024,0.370758,bdff00
1023,1057,0.0,0000ff
1024,1025,0.48618,f8ff00
1024,1058,0.047824,18ff00
1025,1026,0.368391,bcff00
1025,1059,0.119402,3dff00
1026,1027,0.364387,baff00
1026,1060,0.069821,24ff00
1027,1028,0.426241,d9ff00
1027,1061,0.0,0000ff
1028,1029,0.452698,e7ff00
1028,1062,0.917051,ff2a00
1029,1030,0.546233,ffe700
1029,1063,0.318807,a3ff00
1030,1031,0.557806,ffe200
1030,1064,0.018355,09ff00
1031,1032,0.559397,ffe100
1031,1065,0.060984,1fff00
1032,1033,0.350913,b3ff00
1032,1066,0.031037,10ff00
1033,1034,0.370598,bdff00
1033,1067,8.6e-05,00ff00
1034,1035,0.373267,beff00
1034,1068,0.0,0000ff
1035,1036,0.380422,c2ff00
1035,1069,0.0,0000ff
1036,1037,0.391808,c8ff00
1036,1070,0.0,0000ff
1037,1038,0.226666,74ff00
1037,1071,0.0,0000ff
1038,1039,0.22463,73ff00
1038,1072,0.0,0000ff
1039,1040,0.22463,73ff00
1039,1073,0.0,0000ff
1040,1041,0.212024,6cff00
1040,1074,0.0,0000ff
1041,1042,0.122986,3fff00
1041,1075,0.085584,2cff00
1042,1043,0.072547,25ff00
1042,1076,0.05303,1bff00
1043,1044,0.07943,29ff00
1043,1077,0.0,0000ff
1044,1045,0.072634,25ff00
1044,1078,0.0,0000ff
1045,1046,0.055498,1cff00
1045,1079,0.05551,1cff00
1046,1047,0.055584,1cff00
1046,1080,0.0,0000ff
1047,1048,0.055498,1cff00
1047,1081,0.0,0000ff
1048,1049,0.1015,34ff00
1048,1082,0.025709,0dff00
1049,1050,0.427025,daff00
1049,1083,0.439561,e0ff00
1050,1051,0.413526,d3ff00
1050,1084,0.093804,30ff00
1051,1052,0.404235,ceff00
1051,1085,0.0,0000ff
1052,1053,0.390054,c7ff00
1052,1086,0.0,0000ff
1053,1020,0.389226,c7ff00
1053,1087,0.0,0000ff
1054,1055,0.417537,d5ff00
1054,1088,0.0,0000ff
1055,1056,0.433592,ddff00
1055,1089,0.0,0000ff
1056,1057,0.443517,e2ff00
1056,1090,0.0,0000ff
1057,1058,0.086054,2cff00
1057,1091,0.062234,20ff00
1058,1059,0.174203,59ff00
1058,1092,0.086938,2cff00
1059,1060,0.225105,73ff00
1059,1093,0.109331,38ff00
1060,1061,0.32393,a5ff00
1060,1094,0.0,0000ff
1061,1062,0.373112,beff00
1061,1095,0.0,0000ff
1062,1063,0.309869,9eff00
1062,1096,1.0,ff0000
1063,1064,0.419156,d6ff00
1063,1097,0.226438,73ff00
1064,1065,0.198288,65ff00
1064,1098,0.0,0000ff
1065,1066,0.0,0000ff
1065,1099,0.044707,17ff00
1066,1067,0.004589,02ff00
1066,1100,0.026102,0dff00
1067,1068,0.004589,02ff00
1067,1101,8.6e-05,00ff00
1068,1069,0.004762,02ff00
1068,1102,0.0,0000ff
1069,1070,0.004848,02ff00
1069,1103,0.0,0000ff
1070,1071,0.004848,02ff00
1070,1104,0.0,0000ff
1071,1072,0.004848,02ff00
1071,1105,0.0,0000ff
1072,1073,0.009531,05ff00
1072,1106,0.0,0000ff
1073,1074,0.020909,0bff00
1073,1107,0.0,0000ff
1074,1075,0.020909,0bff00
1074,1108,0.0,0000ff
1075,1076,0.020909,0bff00
1075,1109,0.085584,2cff00
1076,1077,0.01632,08ff00
1076,1110,0.05303,1bff00
1077,1078,0.01632,08ff00
1077,1111,0.0,0000ff
1078,1079,0.01632,08ff00
1078,1112,0.0,0000ff
1079,1080,0.0,0000ff
1079,1113,0.07183,25ff00
1080,1081,0.0,0000ff
1080,1114,0.0,0000ff
1081,1082,0.064701,21ff00
1081,1115,0.0,0000ff
1082,1083,0.105549,36ff00
1082,1116,0.304922,9cff00
1083,1084,0.385263,c4ff00
1083,1117,0.16071,52ff00
1084,1085,0.444214,e3ff00
1084,1118,0.013766,07ff00
1085,1086,0.420822,d7ff00
1085,1119,0.0,0000ff
1086,1087,0.426015,d9ff00
1086,1120,0.0,0000ff
1087,1054,0.407909,d0ff00
1087,1121,0.0,0000ff
1088,1089,0.465392,edff00
1088,1122,0.0,0000ff
1089,1090,0.45166,e6ff00
1089,1123,0.0,0000ff
1090,1091,0.458418,eaff00
1090,1124,0.0,0000ff
1091,1092,0.347792,b1ff00
1091,1125,0.009178,05ff00
1092,1093,0.234554,78ff00
1092,1126,0.0,0000ff
1093,1094,0.238878,7aff00
1093,1127,0.033131,11ff00
1094,1095,0.443619,e2ff00
1094,1128,0.11376,3aff00
1095,1096,0.321939,a4ff00
1095,1129,0.116067,3bff00
1096,1097,0.3701,bdff00
1096,1130,0.97873,ff0b00
1097,1098,0.457029,e9ff00
1097,1131,0.136676,46ff00
1098,1099,0.17176,58ff00
1098,1132,0.0,0000ff
1099,1100,0.004589,02ff00
1099,1133,0.073229,25ff00
1100,1101,0.046493,18ff00
1100,1134,0.101312,34ff00
1101,1102,0.051082,1aff00
1101,1135,0.0,0000ff
1102,1103,0.041904,15ff00
1102,1136,0.0,0000ff
1103,1104,0.03961,14ff00
1103,1137,0.0,0000ff
1104,1105,0.047114,18ff00
1104,1138,0.0,0000ff
1105,1106,0.053997,1cff00
1105,1139,0.0,0000ff
1106,1107,0.049494,19ff00
1106,1140,0.0,0000ff
1107,1108,0.048785,19ff00
1107,1141,0.0,0000ff
1108,1109,0.04023,15ff00
1108,1142,0.0,0000ff
1109,1110,0.04023,15ff00
1109,1143,0.080995,29ff00
1110,1111,0.032467,11ff00
1110,1144,0.064589,21ff00
1111,1112,0.034762,12ff00
1111,1145,0.0,0000ff
1112,1113,0.034502,12ff00
1112,1146,0.01425,07ff00
1113,1114,0.041558,15ff00
1113,1147,0.042314,16ff00
1114,1115,0.0,0000ff
1114,1148,0.0,0000ff
1115,1116,0.157328,50ff00
1115,1149,0.011472,06ff00
1116,1117,0.380144,c2ff00
1116,1150,0.085085,2bff00
1117,1118,0.485479,f8ff00
1117,1151,0.052118,1bff00
1118,1119,0.491958,fbff00
1118,1152,0.00697,04ff00
1119,1120,0.497613,feff00
1119,1153,0.0,0000ff
1120,1121,0.488511,f9ff00
1120,1154,0.0,0000ff
1121,1088,0.477988,f4ff00
1121,1155,0.0,0000ff
1122,1123,0.258269,84ff00
1122,0,0.0,0000ff
1123,1124,0.25607,83ff00
1123,1,0.0,0000ff
1124,1125,0.239322,7aff00
1124,2,0.0,0000ff
1125,1126,0.213904,6dff00
1125,3,0.041584,15ff00
1126,1127,0.463805,edff00
1126,4,0.072826,25ff00
1127,1128,0.490156,faff00
1127,5,0.067548,22ff00
1128,1129,0.431844,dcff00
1128,6,0.139875,47ff00
1129,1130,0.296339,97ff00
1129,7,0.253248,81ff00
1130,1131,0.579483,ffd600
1130,8,0.702379,ff9800
1131,1132,0.219229,70ff00
1131,9,0.032294,10ff00
1132,1133,0.274527,8cff00
1132,10,0.091328,2fff00
1133,1134,0.0,0000ff
1133,11,0.196893,64ff00
1134,1135,0.014026,07ff00
1134,12,0.096723,31ff00
1135,1136,0.014026,07ff00
1135,13,0.0,0000ff
1136,1137,0.014026,07ff00
1136,14,0.0,0000ff
1137,1138,0.014026,07ff00
1137,15,0.0,0000ff
1138,1139,0.014026,07ff00
1138,16,0.0,0000ff
1139,1140,0.014026,07ff00
1139,17,0.0,0000ff
1140,1141,0.014026,07ff00
1140,18,0.0,0000ff
1141,1142,0.014026,07ff00
1141,19,0.0,0000ff
1142,1143,0.014026,07ff00
1142,20,0.0,0000ff
1143,1144,0.014026,07ff00
1143,21,0.080995,29ff00
1144,1145,0.018614,09ff00
1144,22,0.064675,21ff00
1145,1146,0.018614,09ff00
1145,23,0.0,0000ff
1146,1147,0.023203,0cff00
1146,24,0.01425,07ff00
1147,1148,0.095664,31ff00
1147,25,0.149881,4cff00
1148,1149,0.095194,31ff00
1148,26,0.0,0000ff
1149,1150,0.100227,33ff00
1149,27,0.0,0000ff
1150,1151,0.184848,5eff00
1150,28,0.011744,06ff00
1151,1152,0.22312,72ff00
1151,29,0.007315,04ff00
1152,1153,0.213782,6dff00
1152,30,0.0,0000ff
1153,1154,0.218829,70ff00
1153,31,0.0,0000ff
1154,1155,0.20536,69ff00
1154,32,0.0,0000ff
1155,1122,0.220273,70ff00
1155,33,0.0,0000ff
